Frequency,Amplitude
21850.769477664366,-123.2883168
21851.890029945273,-114.6709282
21853.010582226176,-113.7167471
21854.131134507083,-115.2284881
21855.25168678799,-120.4647389
21856.372239068896,-119.2762623
21857.4927913498,-114.7876874
21858.613343630706,-115.6777722
21859.733895911613,-122.4895269
21860.85444819252,-118.7188586
21861.975000473423,-116.7798133
21863.09555275433,-119.9836064
21864.216105035237,-130.7323018
21865.33665731614,-137.0943624
21866.457209597047,-120.8752538
21867.577761877954,-115.7018967
21868.69831415886,-117.9996809
21869.818866439764,-124.8362828
21870.93941872067,-127.0802861
21872.059971001578,-127.3455831
21873.180523282485,-114.780815
21874.301075563388,-112.6373229
21875.421627844295,-116.9383456
21876.5421801252,-127.0730611
21877.662732406105,-123.9253795
21878.78328468701,-124.8858281
21879.90383696792,-127.178095
21881.024389248825,-126.8596736
21882.14494152973,-124.9633275
21883.265493810635,-118.4661806
21884.386046091542,-120.7478047
21885.50659837245,-131.22748
21886.627150653352,-124.11368
21887.74770293426,-123.7668694
21888.868255215166,-121.335558
21889.988807496073,-120.6780341
21891.109359776976,-120.7145779
21892.229912057883,-122.4271718
21893.35046433879,-125.2625218
21894.471016619693,-120.0697423
21895.5915689006,-115.6950607
21896.712121181507,-115.1585336
21897.832673462413,-115.9750249
21898.953225743317,-122.0075551
21900.073778024223,-118.2885987
21901.19433030513,-114.8527378
21902.314882586037,-115.9857825
21903.43543486694,-117.2434158
21904.555987147847,-116.9610556
21905.676539428754,-122.2311879
21906.797091709657,-129.9717275
21907.917643990564,-117.3982795
21909.03819627147,-117.3759235
21910.158748552378,-126.8740407
21911.27930083328,-129.273348
21912.399853114188,-119.096914
21913.520405395095,-120.2072163
21914.640957676,-121.0355397
21915.761509956905,-118.6587469
21916.88206223781,-139.6608296
21918.00261451872,-126.4655934
21919.12316679962,-125.2658559
21920.24371908053,-120.8484975
21921.364271361435,-121.3755479
21922.484823642342,-123.4526387
21923.605375923245,-128.3179952
21924.725928204152,-126.0266591
21925.84648048506,-119.0894375
21926.967032765966,-121.1276113
21928.08758504687,-128.9198323
21929.208137327776,-120.2104741
21930.328689608683,-117.5762108
21931.449241889586,-121.2400456
21932.569794170493,-127.279627
21933.6903464514,-124.6406957
21934.810898732307,-123.7395269
21935.93145101321,-121.8461705
21937.052003294117,-118.9009265
21938.172555575024,-115.3779642
21939.29310785593,-117.4088673
21940.413660136834,-119.3450184
21941.53421241774,-117.8346287
21942.654764698647,-120.9534856
21943.775316979554,-127.4744664
21944.895869260457,-120.329684
21946.016421541364,-123.0918447
21947.13697382227,-120.8456059
21948.257526103174,-115.0444208
21949.37807838408,-117.2776032
21950.498630664988,-121.1640645
21951.619182945895,-120.8173772
21952.739735226798,-119.2943844
21953.860287507705,-120.5092183
21954.98083978861,-126.51433
21956.10139206952,-138.0380727
21957.221944350422,-133.0813619
21958.34249663133,-117.3706668
21959.463048912236,-111.8282173
21960.58360119314,-113.6141388
21961.704153474046,-118.6276721
21962.824705754952,-120.4339009
21963.94525803586,-118.4463289
21965.065810316763,-118.0366261
21966.18636259767,-118.4209535
21967.306914878576,-121.2107869
21968.427467159483,-122.6402608
21969.548019440386,-119.4496306
21970.668571721293,-126.5828725
21971.7891240022,-132.8134328
21972.909676283103,-127.8578857
21974.03022856401,-131.6387197
21975.150780844917,-121.599388
21976.271333125824,-122.2765676
21977.391885406727,-123.29027
21978.512437687634,-120.9415303
21979.63298996854,-119.8572917
21980.753542249447,-123.8855382
21981.87409453035,-128.671053
21982.994646811258,-129.7475301
21984.115199092164,-125.5454656
21985.235751373068,-123.0697868
21986.356303653974,-129.8836385
21987.47685593488,-120.5714665
21988.597408215788,-116.8928894
21989.71796049669,-114.356002
21990.8385127776,-115.9027354
21991.959065058505,-123.8026677
21993.079617339412,-114.5273347
21994.200169620315,-111.3519293
21995.320721901222,-108.1391413
21996.44127418213,-109.2046968
21997.561826463032,-115.6567378
21998.68237874394,-115.9874381
21999.802931024846,-114.7826143
22000.923483305753,-118.4391954
22002.044035586656,-111.5582663
22003.164587867563,-109.7295132
22004.28514014847,-111.9381951
22005.405692429376,-112.8694247
22006.52624471028,-115.845682
22007.646796991186,-120.4642812
22008.767349272093,-121.0939427
22009.887901553,-114.2873287
22011.008453833903,-115.0069822
22012.12900611481,-117.1823041
22013.249558395717,-120.8400823
22014.37011067662,-120.0580006
22015.490662957527,-116.7344412
22016.611215238434,-113.76675
22017.73176751934,-113.2515152
22018.852319800244,-115.1704127
22019.97287208115,-119.8776036
22021.093424362058,-122.6668645
22022.213976642965,-121.5529078
22023.334528923868,-120.9538899
22024.455081204775,-116.3836155
22025.57563348568,-113.9961287
22026.696185766585,-115.6572871
22027.81673804749,-116.8948273
22028.9372903284,-122.0015966
22030.057842609305,-118.7192401
22031.17839489021,-113.0466863
22032.298947171115,-112.2451948
22033.419499452022,-113.5665008
22034.54005173293,-118.3296296
22035.660604013832,-124.5288716
22036.78115629474,-123.4331304
22037.901708575646,-121.3193532
22039.02226085655,-117.4096073
22040.142813137456,-116.275722
22041.263365418363,-120.7638494
22042.38391769927,-129.7712117
22043.504469980173,-131.792513
22044.62502226108,-124.3277532
22045.745574541987,-116.2191007
22046.866126822893,-117.3165361
22047.986679103797,-121.8978749
22049.107231384703,-130.1891957
22050.22778366561,-122.0181142
22051.348335946514,-117.6899977
22052.46888822742,-119.9784566
22053.589440508327,-123.4300023
22054.709992789234,-120.7319509
22055.830545070137,-117.1587016
22056.951097351044,-117.6984949
22058.07164963195,-121.0776998
22059.192201912858,-122.3275472
22060.31275419376,-113.5638972
22061.433306474668,-113.4963712
22062.553858755575,-121.7265798
22063.67441103648,-121.8158361
22064.794963317385,-118.1062999
22065.91551559829,-118.9471302
22067.0360678792,-123.409998
22068.1566201601,-126.2522069
22069.27717244101,-119.4352436
22070.397724721915,-117.5818362
22071.518277002822,-118.1400085
22072.638829283725,-116.86446
22073.759381564632,-118.7671527
22074.87993384554,-157.3792745
22076.000486126446,-121.8607198
22077.12103840735,-122.3305744
22078.241590688256,-122.9239522
22079.362142969163,-114.6477042
22080.482695250066,-113.7510639
22081.603247530973,-120.3022939
22082.72379981188,-119.8661366
22083.844352092787,-113.6408723
22084.96490437369,-111.7810131
22086.085456654597,-113.2662224
22087.206008935504,-116.4720412
22088.32656121641,-119.1155033
22089.447113497314,-120.1838246
22090.56766577822,-120.0018788
22091.688218059127,-118.2303101
22092.80877034003,-116.9458242
22093.929322620937,-121.7333242
22095.049874901844,-110.2607729
22096.17042718275,-105.7936552
22097.290979463654,-107.1346131
22098.41153174456,-112.3325283
22099.532084025468,-120.7546865
22100.652636306375,-114.4352398
22101.773188587278,-113.8439226
22102.893740868185,-116.8452588
22104.014293149092,-119.259531
22105.134845429995,-123.9518834
22106.255397710902,-123.1426173
22107.37594999181,-128.9718648
22108.496502272716,-127.9180242
22109.61705455362,-124.470255
22110.737606834526,-122.8394414
22111.858159115432,-122.1717931
22112.97871139634,-119.7052098
22114.099263677243,-117.2932533
22115.21981595815,-122.4125157
22116.340368239056,-115.543997
22117.46092051996,-113.4267074
22118.581472800866,-116.8691008
22119.702025081773,-122.1947881
22120.82257736268,-121.85071
22121.943129643583,-118.4690569
22123.06368192449,-115.7141115
22124.184234205397,-116.8194942
22125.304786486304,-124.2606832
22126.425338767207,-123.5760366
22127.545891048114,-121.9435549
22128.66644332902,-127.3888188
22129.786995609928,-146.8809987
22130.90754789083,-117.3261416
22132.028100171738,-113.5339766
22133.148652452644,-116.5704918
22134.269204733548,-122.073557
22135.389757014455,-121.2002049
22136.51030929536,-119.9446008
22137.63086157627,-126.5273381
22138.75141385717,-121.2828925
22139.87196613808,-128.3776113
22140.992518418985,-120.6476537
22142.113070699892,-116.147368
22143.233622980795,-115.124285
22144.354175261702,-117.1954344
22145.47472754261,-132.0708791
22146.595279823512,-131.7470723
22147.71583210442,-121.001187
22148.836384385326,-122.8784047
22149.956936666233,-131.1395284
22151.077488947136,-127.3579274
22152.198041228043,-121.8054906
22153.31859350895,-116.304635
22154.439145789856,-116.3487401
22155.55969807076,-133.4126149
22156.680250351666,-121.4449788
22157.800802632573,-117.7773906
22158.921354913477,-120.2831441
22160.041907194383,-126.7164937
22161.16245947529,-116.3137828
22162.283011756197,-114.2825179
22163.4035640371,-125.2196828
22164.524116318007,-119.1352558
22165.644668598914,-117.8558787
22166.76522087982,-121.7325078
22167.885773160724,-125.682047
22169.00632544163,-127.7853426
22170.126877722538,-135.2250081
22171.247430003445,-118.9469928
22172.367982284348,-115.5825791
22173.488534565255,-118.2591645
22174.60908684616,-114.6295729
22175.729639127065,-116.0763524
22176.85019140797,-122.952303
22177.97074368888,-124.7504598
22179.091295969785,-118.0571136
22180.21184825069,-119.8456975
22181.332400531595,-133.1864339
22182.452952812502,-121.295107
22183.57350509341,-113.302247
22184.694057374312,-115.2657961
22185.81460965522,-125.1169149
22186.935161936126,-113.5069074
22188.05571421703,-111.1485463
22189.176266497936,-112.6309982
22190.296818778843,-116.8700774
22191.41737105975,-116.4029412
22192.537923340653,-118.6284197
22193.65847562156,-124.0305272
22194.779027902467,-120.5140096
22195.899580183373,-113.838703
22197.020132464277,-111.7889609
22198.140684745184,-112.4928068
22199.26123702609,-119.1916676
22200.381789306994,-122.5694448
22201.5023415879,-112.4272234
22202.622893868807,-114.1123473
22203.743446149714,-124.9127294
22204.863998430617,-118.4324992
22205.984550711524,-125.4748021
22207.10510299243,-122.1967356
22208.225655273338,-124.3493596
22209.34620755424,-126.5572377
22210.466759835148,-129.6267415
22211.587312116055,-125.0347768
22212.707864396958,-119.8804265
22213.828416677865,-118.3703117
22214.94896895877,-121.4926854
22216.06952123968,-122.6247274
22217.19007352058,-127.7797109
22218.31062580149,-122.5687429
22219.431178082395,-117.756425
22220.551730363302,-116.4641447
22221.672282644206,-117.9706663
22222.792834925112,-127.0693685
22223.91338720602,-117.0080328
22225.033939486922,-110.4796496
22226.15449176783,-110.9716877
22227.275044048736,-113.3069482
22228.395596329643,-116.6736573
22229.516148610546,-119.7296849
22230.636700891453,-114.9508433
22231.75725317236,-115.7267764
22232.877805453267,-119.9082432
22233.99835773417,-126.9152318
22235.118910015077,-130.4866811
22236.239462295984,-123.6718923
22237.360014576887,-119.9718589
22238.480566857794,-122.3150273
22239.6011191387,-121.441438
22240.721671419607,-123.4294225
22241.84222370051,-140.1192189
22242.962775981418,-126.0974294
22244.083328262324,-124.9757047
22245.20388054323,-123.337147
22246.324432824134,-124.6882878
22247.44498510504,-131.7028829
22248.565537385948,-138.8308431
22249.686089666855,-141.5695821
22250.806641947758,-121.3209783
22251.927194228665,-116.7187627
22253.047746509572,-116.1809499
22254.168298790475,-118.2168061
22255.288851071382,-117.5561226
22256.40940335229,-116.4076989
22257.529955633196,-119.9733296
22258.6505079141,-128.5985128
22259.771060195006,-118.9977893
22260.891612475913,-114.0856291
22262.01216475682,-117.2866975
22263.132717037723,-120.490389
22264.25326931863,-119.0326637
22265.373821599536,-123.9456349
22266.49437388044,-143.6030294
22267.614926161346,-119.6961537
22268.735478442253,-113.6866488
22269.85603072316,-112.3372331
22270.976583004063,-115.0369507
22272.09713528497,-115.9462388
22273.217687565877,-112.1899348
22274.338239846784,-109.2693644
22275.458792127687,-110.1781084
22276.579344408594,-115.1514916
22277.6998966895,-120.6535665
22278.820448970404,-117.1284807
22279.94100125131,-118.50123
22281.061553532218,-126.3003942
22282.182105813125,-122.2067967
22283.302658094028,-120.9157582
22284.423210374935,-119.0690098
22285.54376265584,-117.7056284
22286.66431493675,-117.3346457
22287.78486721765,-118.2562424
22288.90541949856,-116.9060654
22290.025971779465,-116.4257467
22291.146524060372,-119.9358998
22292.267076341275,-118.3719679
22293.387628622182,-129.2120229
22294.50818090309,-114.2566273
22295.628733183992,-108.5161813
22296.7492854649,-109.3642579
22297.869837745806,-116.8448545
22298.990390026713,-120.6607152
22300.110942307616,-117.5099747
22301.231494588523,-125.2779409
22302.35204686943,-122.564684
22303.472599150336,-114.1804018
22304.59315143124,-113.4597043
22305.713703712147,-114.0035366
22306.834255993053,-115.5733094
22307.954808273957,-115.4029205
22309.075360554863,-116.2403565
22310.19591283577,-125.7167455
22311.316465116677,-118.5370348
22312.43701739758,-117.0255573
22313.557569678487,-120.0056401
22314.678121959394,-119.5188879
22315.7986742403,-122.171938
22316.919226521204,-124.9990178
22318.03977880211,-118.8452822
22319.160331083018,-119.8811818
22320.28088336392,-120.8979283
22321.401435644828,-124.8023168
22322.521987925735,-126.4516317
22323.64254020664,-122.4976339
22324.763092487545,-124.9060155
22325.88364476845,-141.6472798
22327.00419704936,-127.0344945
22328.124749330265,-124.4962482
22329.24530161117,-129.4580403
22330.365853892075,-127.3364761
22331.486406172982,-132.2327748
22332.606958453885,-122.4973546
22333.727510734792,-121.1466103
22334.8480630157,-121.6235982
22335.968615296606,-122.4096013
22337.08916757751,-123.3719426
22338.209719858416,-126.0471669
22339.330272139323,-129.8668538
22340.45082442023,-121.3355352
22341.571376701133,-115.5410586
22342.69192898204,-116.4679365
22343.812481262947,-122.1812917
22344.93303354385,-120.1424962
22346.053585824757,-117.0377508
22347.174138105664,-121.9614736
22348.29469038657,-127.0328847
22349.415242667474,-122.8047811
22350.53579494838,-114.8143693
22351.656347229287,-112.1839215
22352.776899510194,-113.2468972
22353.897451791097,-116.0820593
22355.018004072004,-117.7634212
22356.13855635291,-117.6687631
22357.259108633818,-114.8689579
22358.37966091472,-113.1460462
22359.500213195628,-115.0408112
22360.620765476535,-116.8625242
22361.741317757438,-117.6328897
22362.861870038345,-118.7951526
22363.98242231925,-123.0037252
22365.10297460016,-131.6943074
22366.223526881062,-118.5013903
22367.34407916197,-115.9099452
22368.464631442876,-116.3524872
22369.585183723782,-116.1348443
22370.705736004686,-117.8300717
22371.826288285592,-125.3071233
22372.9468405665,-129.9983352
22374.067392847403,-130.8506948
22375.18794512831,-128.054598
22376.308497409216,-122.3680293
22377.429049690123,-126.5937978
22378.549601971026,-122.299388
22379.670154251933,-124.8548986
22380.79070653284,-135.4515554
22381.911258813747,-125.8302771
22383.03181109465,-131.157961
22384.152363375557,-136.1205007
22385.272915656464,-133.6227238
22386.393467937367,-127.5232869
22387.514020218274,-123.5766851
22388.63457249918,-121.4958821
22389.755124780087,-124.1225225
22390.87567706099,-121.9752446
22391.996229341898,-118.2786341
22393.116781622804,-119.0603504
22394.23733390371,-116.8820632
22395.357886184614,-112.5814604
22396.47843846552,-108.7991509
22397.598990746428,-110.782967
22398.71954302733,-116.4670057
22399.84009530824,-116.5868418
22400.960647589145,-113.7706221
22402.081199870052,-117.252037
22403.201752150955,-122.6233159
22404.322304431862,-120.1085349
22405.44285671277,-120.9055882
22406.563408993676,-110.4288333
22407.68396127458,-75.42747498
22408.804513555486,-58.96014404
22409.925065836393,-51.60162354
22411.0456181173,-51.65424226
22412.166170398203,-61.81967545
22413.28672267911,-82.07034302
22414.407274960016,-121.0657903
22415.52782724092,-124.0051213
22416.648379521826,-119.5689183
22417.768931802733,-117.2395159
22418.88948408364,-122.8253881
22420.010036364543,-119.0116977
22421.13058864545,-116.9379275
22422.251140926357,-117.2949983
22423.371693207264,-115.6225577
22424.492245488167,-119.2029896
22425.612797769074,-123.587061
22426.73335004998,-116.9728382
22427.853902330884,-134.4445821
22428.97445461179,-115.7045212
22430.095006892698,-114.3123552
22431.215559173605,-116.4370371
22432.336111454508,-110.0426304
22433.456663735415,-110.0316622
22434.57721601632,-119.6458607
22435.69776829723,-124.2785207
22436.81832057813,-119.883257
22437.93887285904,-116.8780959
22439.059425139945,-113.7988774
22440.17997742085,-111.9022299
22441.300529701755,-112.1293574
22442.421081982662,-110.4277532
22443.54163426357,-110.9151463
22444.662186544472,-112.5471205
22445.78273882538,-111.2672277
22446.903291106286,-109.1798467
22448.023843387193,-110.2878115
22449.144395668096,-113.2027915
22450.264947949003,-120.5560933
22451.38550022991,-124.2917344
22452.506052510813,-130.3518392
22453.62660479172,-136.5896932
22454.747157072627,-128.4141103
22455.867709353533,-124.8669683
22456.988261634437,-141.925295
22458.108813915343,-117.9625868
22459.22936619625,-114.7458588
22460.349918477157,-123.6759664
22461.47047075806,-125.5263158
22462.591023038967,-119.7981138
22463.711575319874,-120.5389043
22464.832127600777,-123.7474156
22465.952679881684,-126.5265676
22467.07323216259,-117.3534549
22468.193784443498,-115.7704247
22469.3143367244,-116.4354044
22470.434889005308,-118.7383212
22471.555441286215,-123.4008657
22472.67599356712,-125.4804479
22473.796545848025,-120.2876149
22474.91709812893,-118.1773736
22476.03765040984,-121.8989049
22477.15820269074,-126.9360982
22478.27875497165,-132.9237386
22479.399307252555,-117.986772
22480.519859533462,-113.2726159
22481.640411814366,-117.9966063
22482.760964095272,-120.0239125
22483.88151637618,-113.9620478
22485.002068657086,-112.8040098
22486.12262093799,-114.754173
22487.243173218896,-116.7088367
22488.363725499803,-125.2014714
22489.48427778071,-118.2514206
22490.604830061613,-115.3333931
22491.72538234252,-120.2578984
22492.845934623427,-128.9236318
22493.96648690433,-123.8476201
22495.087039185237,-117.1509548
22496.207591466144,-111.5845142
22497.32814374705,-113.4507321
22498.448696027954,-121.4636098
22499.56924830886,-115.0218769
22500.689800589767,-117.4035496
22501.810352870674,-124.3267232
22502.930905151577,-120.3104878
22504.051457432484,-117.9348009
22505.17200971339,-123.8735677
22506.292561994294,-121.4699193
22507.4131142752,-115.9693943
22508.533666556108,-114.8433232
22509.654218837015,-115.5326214
22510.774771117918,-116.4721938
22511.895323398825,-121.3454839
22513.015875679732,-137.7882253
22514.13642796064,-117.6930247
22515.256980241542,-112.8812812
22516.37753252245,-114.8005219
22517.498084803356,-116.7827279
22518.618637084262,-112.820306
22519.739189365166,-116.5947001
22520.859741646073,-123.2876989
22521.98029392698,-117.7058132
22523.100846207883,-123.1082555
22524.22139848879,-125.3361455
22525.341950769696,-116.8775771
22526.462503050603,-115.5015771
22527.583055331506,-111.8632973
22528.703607612413,-110.7534036
22529.82415989332,-116.6982394
22530.944712174227,-113.3624522
22532.06526445513,-110.9831547
22533.185816736037,-109.6616026
22534.306369016944,-110.3734439
22535.426921297847,-113.0517751
22536.547473578754,-117.9722685
22537.66802585966,-121.2325917
22538.788578140568,-117.953523
22539.90913042147,-116.2692316
22541.029682702378,-117.0499641
22542.150234983284,-116.3077545
22543.27078726419,-116.4510754
22544.391339545095,-118.198793
22545.511891826,-119.3355503
22546.63244410691,-116.6803713
22547.75299638781,-115.6412833
22548.87354866872,-115.8819984
22549.994100949625,-117.6933069
22551.114653230532,-124.39773
22552.235205511435,-119.9671365
22553.355757792342,-121.774767
22554.47631007325,-132.2676869
22555.596862354156,-121.0388127
22556.71741463506,-119.5523396
22557.837966915966,-116.9660763
22558.958519196873,-117.444077
22560.079071477776,-121.4552022
22561.199623758683,-125.7628118
22562.32017603959,-119.8561116
22563.440728320496,-114.2997717
22564.5612806014,-113.2367786
22565.681832882306,-118.5427416
22566.802385163213,-121.1287175
22567.92293744412,-119.0531788
22569.043489725023,-117.8269039
22570.16404200593,-118.4640978
22571.284594286837,-122.1867162
22572.40514656774,-125.5112859
22573.525698848647,-126.8120824
22574.646251129554,-133.1347066
22575.76680341046,-124.6049291
22576.887355691364,-118.2235352
22578.00790797227,-116.9330965
22579.128460253178,-116.7018572
22580.249012534085,-117.8020336
22581.369564814988,-121.6704427
22582.490117095895,-129.1016713
22583.6106693768,-123.9096478
22584.731221657705,-127.0812322
22585.85177393861,-120.5697423
22586.97232621952,-114.0515866
22588.092878500425,-112.8990853
22589.21343078133,-114.9534769
22590.333983062235,-117.0011282
22591.454535343142,-118.4900835
22592.57508762405,-117.918321
22593.695639904952,-116.6191302
22594.81619218586,-118.5750674
22595.936744466766,-117.7460414
22597.057296747673,-113.0767766
22598.177849028576,-111.8601497
22599.298401309483,-115.1506905
22600.41895359039,-120.7682057
22601.539505871293,-120.9553779
22602.6600581522,-127.4757634
22603.780610433107,-125.4000035
22604.901162714013,-123.9899635
22606.021714994917,-125.0830785
22607.142267275824,-120.1447774
22608.26281955673,-116.0730259
22609.383371837637,-114.5589944
22610.50392411854,-117.0752023
22611.624476399447,-118.7216815
22612.745028680354,-114.8691779
22613.865580961257,-117.0629418
22614.986133242164,-126.2658483
22616.10668552307,-116.8697417
22617.227237803978,-114.8123322
22618.34779008488,-114.2936926
22619.468342365788,-117.4892355
22620.588894646695,-119.8381673
22621.7094469276,-116.8435346
22622.829999208505,-115.6517305
22623.95055148941,-119.1599445
22625.07110377032,-134.6056234
22626.19165605122,-118.7841891
22627.31220833213,-117.0190573
22628.432760613035,-116.3203365
22629.553312893942,-122.4101888
22630.673865174846,-124.3275014
22631.794417455752,-121.9366197
22632.91496973666,-120.8548604
22634.035522017566,-119.5291541
22635.15607429847,-132.1928731
22636.276626579376,-126.7800008
22637.397178860283,-125.0188466
22638.51773114119,-119.1591511
22639.638283422093,-117.3939289
22640.758835703,-124.0333577
22641.879387983907,-120.1753865
22642.99994026481,-116.790271
22644.120492545717,-128.0479299
22645.241044826624,-118.2523819
22646.36159710753,-117.5319699
22647.482149388434,-116.7188084
22648.60270166934,-115.883381
22649.723253950247,-119.9637929
22650.843806231154,-127.3283101
22651.964358512058,-129.0233327
22653.084910792964,-126.1496755
22654.20546307387,-120.1706944
22655.326015354774,-118.3108165
22656.44656763568,-122.0002843
22657.567119916588,-122.7912007
22658.687672197495,-118.8878299
22659.8082244784,-120.3153935
22660.928776759305,-117.0727609
22662.049329040212,-115.5815676
22663.16988132112,-120.5181752
22664.290433602022,-123.9313832
22665.41098588293,-120.5924169
22666.531538163836,-118.2182327
22667.65209044474,-117.2339553
22668.772642725646,-116.6217923
22669.893195006553,-115.0707555
22671.01374728746,-116.3087549
22672.134299568363,-134.5536519
22673.25485184927,-126.1400319
22674.375404130176,-123.7180066
22675.495956411083,-130.6348287
22676.616508691986,-122.2516881
22677.737060972893,-116.7796838
22678.8576132538,-116.2542769
22679.978165534703,-115.5051124
22681.09871781561,-116.186454
22682.219270096517,-121.6353475
22683.339822377424,-124.4638845
22684.460374658327,-122.1759704
22685.580926939234,-124.1867772
22686.70147922014,-119.9251195
22687.822031501048,-115.1891811
22688.94258378195,-113.5436535
22690.063136062858,-118.0382933
22691.183688343765,-135.0701924
22692.304240624668,-123.8561176
22693.424792905575,-127.4441548
22694.54534518648,-125.5860234
22695.66589746739,-112.4528135
22696.78644974829,-107.1031418
22697.9070020292,-108.4414292
22699.027554310105,-118.8966998
22700.148106591012,-120.2345525
22701.268658871915,-118.080545
22702.389211152822,-115.8885063
22703.50976343373,-114.5888658
22704.630315714632,-116.1683491
22705.75086799554,-121.6911717
22706.871420276446,-120.8989049
22707.991972557353,-119.6129663
22709.112524838256,-122.2050572
22710.233077119163,-133.89847
22711.35362940007,-118.8448047
22712.474181680976,-113.7809178
22713.59473396188,-115.9877509
22714.715286242787,-121.8743917
22715.835838523693,-120.6634329
22716.9563908046,-121.9450933
22718.076943085503,-118.8523196
22719.19749536641,-117.8876722
22720.318047647317,-122.9622594
22721.43859992822,-125.1571065
22722.559152209127,-122.6444312
22723.679704490034,-124.6052877
22724.80025677094,-121.7344609
22725.920809051844,-117.7785045
22727.04136133275,-117.5371701
22728.161913613658,-117.7170649
22729.282465894565,-118.4827745
22730.403018175468,-119.8129826
22731.523570456375,-122.65333
22732.64412273728,-127.035761
22733.764675018185,-122.9502812
22734.88522729909,-119.7577397
22736.00577958,-121.4908315
22737.126331860905,-130.578127
22738.24688414181,-128.6444112
22739.367436422715,-116.7850168
22740.487988703622,-114.0100978
22741.60854098453,-121.2714101
22742.729093265432,-124.4791509
22743.84964554634,-120.6052502
22744.970197827246,-136.5746175
22746.09075010815,-118.0427678
22747.211302389056,-118.8109454
22748.331854669963,-118.439287
22749.45240695087,-117.2270902
22750.572959231773,-120.3751241
22751.69351151268,-129.6457082
22752.814063793587,-126.2332708
22753.934616074494,-120.618214
22755.055168355397,-123.678011
22756.175720636304,-128.7728139
22757.29627291721,-118.1109863
22758.416825198117,-116.9982622
22759.53737747902,-117.5289085
22760.657929759927,-122.0309011
22761.778482040834,-130.8668843
22762.899034321737,-124.5158116
22764.019586602644,-126.4286901
22765.14013888355,-125.8199788
22766.260691164458,-121.9179479
22767.38124344536,-117.9873976
22768.501795726268,-114.5988181
22769.622348007175,-117.4657369
22770.74290028808,-124.2205449
22771.863452568985,-124.6771642
22772.98400484989,-120.0274556
22774.1045571308,-121.5826741
22775.225109411702,-120.0384618
22776.34566169261,-114.6649315
22777.466213973516,-113.6342576
22778.586766254422,-113.0262318
22779.707318535326,-112.8452149
22780.827870816232,-114.6925424
22781.94842309714,-120.2353383
22783.068975378046,-115.8638783
22784.18952765895,-113.3116496
22785.310079939856,-114.81353
22786.430632220763,-112.6618514
22787.551184501666,-114.1040923
22788.671736782573,-114.4069118
22789.79228906348,-111.6198813
22790.912841344387,-110.0605406
22792.03339362529,-113.4720105
22793.153945906197,-117.9557279
22794.274498187104,-117.0108616
22795.39505046801,-118.7185534
22796.515602748914,-110.7809604
22797.63615502982,-107.819397
22798.756707310728,-112.7716615
22799.87725959163,-115.0331741
22800.997811872538,-113.2164453
22802.118364153444,-128.2616902
22803.23891643435,-115.7434315
22804.359468715254,-113.4876813
22805.48002099616,-117.8411267
22806.600573277068,-131.5063649
22807.721125557975,-116.8864502
22808.84167783888,-126.4912664
22809.962230119785,-124.3842946
22811.082782400692,-119.3356287
22812.203334681595,-123.4924031
22813.323886962502,-118.7904681
22814.44443924341,-115.6112131
22815.564991524316,-116.488208
22816.68554380522,-120.3562871
22817.806096086126,-118.15513
22818.926648367033,-115.317451
22820.04720064794,-117.7748882
22821.167752928843,-123.154955
22822.28830520975,-128.3262349
22823.408857490656,-121.8026219
22824.52940977156,-120.3989736
22825.649962052466,-118.1825491
22826.770514333373,-120.1263295
22827.89106661428,-130.7549611
22829.011618895183,-124.1785756
22830.13217117609,-120.192799
22831.252723456997,-122.4420339
22832.373275737904,-128.575884
22833.493828018807,-124.6974746
22834.614380299714,-128.7236043
22835.73493258062,-115.6157674
22836.855484861528,-114.4041879
22837.97603714243,-118.4373033
22839.096589423338,-122.7368337
22840.217141704245,-119.8974324
22841.337693985148,-134.5877248
22842.458246266055,-122.0056099
22843.57879854696,-128.5816365
22844.69935082787,-135.810259
22845.81990310877,-125.5273076
22846.94045538968,-123.9985892
22848.061007670585,-123.6550771
22849.181559951492,-117.2580643
22850.302112232395,-119.753542
22851.422664513302,-132.2387715
22852.54321679421,-118.7982043
22853.663769075112,-115.8379991
22854.78432135602,-118.5070818
22855.904873636926,-119.6151143
22857.025425917833,-115.6180792
22858.145978198736,-115.1528154
22859.266530479643,-116.7846582
22860.38708276055,-120.5344029
22861.507635041457,-120.3335362
22862.62818732236,-113.4622831
22863.748739603267,-114.5709064
22864.869291884173,-124.8796483
22865.989844165077,-120.2041158
22867.110396445983,-125.2791082
22868.23094872689,-116.6791887
22869.351501007797,-115.9093896
22870.4720532887,-115.5318361
22871.592605569607,-116.1391738
22872.713157850514,-117.3367998
22873.83371013142,-116.8397885
22874.954262412324,-115.7009735
22876.07481469323,-111.7325981
22877.195366974138,-108.1042114
22878.315919255045,-109.5874406
22879.436471535948,-116.474124
22880.557023816855,-125.7374593
22881.67757609776,-121.3379613
22882.798128378665,-115.8442365
22883.91868065957,-116.882933
22885.03923294048,-120.2809621
22886.159785221385,-127.1576787
22887.28033750229,-124.4837209
22888.400889783195,-123.207607
22889.521442064102,-129.1647817
22890.64199434501,-119.6910742
22891.762546625912,-129.3797933
22892.88309890682,-124.3459951
22894.003651187726,-119.7040493
22895.12420346863,-126.3147832
22896.244755749536,-124.9918538
22897.365308030443,-116.0910392
22898.48586031135,-113.1547034
22899.606412592253,-123.1139928
22900.72696487316,-123.4375707
22901.847517154067,-118.8548927
22902.968069434974,-119.2696934
22904.088621715877,-115.6194296
22905.209173996784,-114.7153227
22906.32972627769,-119.3885823
22907.450278558594,-125.7407704
22908.5708308395,-129.6467153
22909.691383120407,-118.3705299
22910.811935401314,-119.618639
22911.932487682217,-117.1030192
22913.053039963124,-116.3665461
22914.17359224403,-120.1885167
22915.294144524938,-126.1169149
22916.41469680584,-117.3108751
22917.535249086748,-113.5806937
22918.655801367655,-115.3724941
22919.776353648558,-123.8588353
22920.896905929465,-123.2403737
22922.017458210372,-119.4380284
22923.13801049128,-117.2651825
22924.258562772182,-116.8370161
22925.37911505309,-121.8251363
22926.499667333996,-129.8352376
22927.620219614902,-132.7051717
22928.740771895806,-125.6732274
22929.861324176713,-118.8696613
22930.98187645762,-117.1981809
22932.102428738523,-125.6987401
22933.22298101943,-123.067835
22934.343533300336,-116.9388491
22935.464085581243,-116.1799855
22936.584637862146,-117.161575
22937.705190143053,-116.6817848
22938.82574242396,-122.8395101
22939.946294704867,-125.0361196
22941.06684698577,-121.265184
22942.187399266677,-124.1101781
22943.307951547584,-125.6589452
22944.428503828487,-120.9264089
22945.549056109394,-117.3667287
22946.6696083903,-116.9050355
22947.790160671208,-114.9635129
22948.91071295211,-115.2188978
22950.031265233018,-116.1940682
22951.151817513924,-119.9025822
22952.27236979483,-122.3797551
22953.392922075735,-117.7437221
22954.51347435664,-111.1283466
22955.63402663755,-112.9247149
22956.75457891845,-116.0775731
22957.87513119936,-112.2984626
22958.995683480265,-113.7877232
22960.116235761172,-119.5087452
22961.236788042075,-115.6172399
22962.357340322982,-111.5743962
22963.47789260389,-112.072732
22964.598444884796,-112.1603627
22965.7189971657,-114.6521446
22966.839549446606,-121.4107686
22967.960101727513,-121.5833684
22969.08065400842,-117.8501523
22970.201206289323,-116.0886054
22971.32175857023,-114.1763048
