Frequency,Amplitude
2293.7701697119605,-136.2249673
2293.887798951433,-137.8225168
2294.005428190905,-139.3228525
2294.1230574303777,-140.4456552
2294.24068666985,-140.9105447
2294.3583159093228,-140.3982919
2294.475945148795,-138.9390787
2294.5935743882674,-136.9936441
2294.71120362774,-135.0318826
2294.828832867212,-133.5236429
2294.9464621066845,-132.7240365
2295.064091346157,-132.2096933
2295.1817205856296,-131.8730533
2295.2993498251017,-132.048591
2295.416979064574,-132.4746164
2295.5346083040467,-133.4178995
2295.6522375435193,-135.2856973
2295.7698667829914,-137.5811685
2295.887496022464,-139.7046426
2296.0051252619364,-141.0563882
2296.1227545014085,-141.0640024
2296.240383740881,-139.7293924
2296.3580129803536,-137.5750345
2296.475642219826,-135.1396249
2296.593271459298,-132.9618448
2296.7109006987707,-131.532905
2296.8285299382433,-130.5970071
2296.9461591777153,-129.9288705
2297.063788417188,-129.4431528
2297.1814176566604,-129.0544961
2297.299046896133,-128.6828683
2297.416676135605,-128.3975748
2297.5343053750776,-128.2207254
2297.65193461455,-128.1157907
2297.7695638540226,-128.0462106
2297.8871930934947,-127.9760736
2298.0048223329673,-127.92987
2298.12245157244,-127.9237054
2298.240080811912,-127.9383386
2298.3577100513844,-127.9545282
2298.475339290857,-127.9530481
2298.5929685303295,-127.9396203
2298.7105977698016,-127.9274744
2298.828227009274,-127.9089426
2298.9458562487466,-127.8763574
2299.0634854882187,-127.8220514
2299.1811147276912,-127.7535699
2299.298743967164,-127.6809762
2299.4163732066363,-127.5881494
2299.5340024461084,-127.4587472
2299.651631685581,-127.2764123
2299.7692609250535,-127.0313867
2299.8868901645255,-126.7343286
2300.004519403998,-126.3927988
2300.1221486434706,-126.0140375
2300.239777882943,-125.605285
2300.357407122415,-125.1574396
2300.4750363618878,-124.6402124
2300.5926656013603,-124.0889123
2300.710294840833,-123.5434334
2300.827924080305,-123.0436697
2300.9455533197774,-122.6176363
2301.06318255925,-122.2323514
2301.180811798722,-121.8822681
2301.2984410381946,-121.5679891
2301.416070277667,-121.29014
2301.5336995171397,-121.0528865
2301.6513287566117,-120.8748827
2301.7689579960843,-120.7392679
2301.886587235557,-120.6225206
2302.004216475029,-120.5011187
2302.1218457145014,-120.3523944
2302.239474953974,-120.1761028
2302.3571041934465,-119.9897758
2302.4747334329186,-119.8105188
2302.592362672391,-119.6554637
2302.7099919118637,-119.5395814
2302.827621151336,-119.4269499
2302.9452503908083,-119.3237799
2303.062879630281,-119.1972372
2303.1805088697533,-119.2790695
2303.2981381092254,-119.4040605
2303.415767348698,-119.6504356
2303.5333965881705,-119.9942317
2303.651025827643,-120.4096396
2303.768655067115,-120.8708696
2303.8862843065876,-121.3521446
2304.00391354606,-121.9104893
2304.1215427855323,-122.5646578
2304.239172025005,-123.2325888
2304.3568012644773,-123.8322136
2304.47443050395,-124.2814782
2304.592059743422,-124.5373529
2304.7096889828945,-124.653312
2304.827318222367,-124.6764749
2304.944947461839,-124.6536325
2305.0625767013116,-124.6315988
2305.180205940784,-124.6159433
2305.2978351802567,-124.5536874
2305.415464419729,-124.4719003
2305.5330936592013,-124.3638163
2305.650722898674,-124.3706582
2305.7683521381464,-124.4026635
2305.8859813776185,-124.4783853
2306.003610617091,-124.584205
2306.1212398565635,-124.7079309
2306.2388690960356,-124.8373788
2306.356498335508,-124.9561303
2306.4741275749807,-125.0500406
2306.591756814453,-125.1480249
2306.7093860539253,-125.2831186
2306.827015293398,-125.4883798
2306.9446445328704,-125.7773126
2307.0622737723425,-126.0552667
2307.179903011815,-126.3761362
2307.2975322512875,-126.8265375
2307.41516149076,-127.4931253
2307.532790730232,-128.4625619
2307.6504199697047,-129.7666849
2307.768049209177,-131.3201364
2307.8856784486497,-133.0237649
2308.003307688122,-134.7784036
2308.1209369275944,-136.501655
2308.238566167067,-138.4933389
2308.356195406539,-140.6733011
2308.4738246460115,-142.740394
2308.591453885484,-144.3935159
2308.7090831249566,-145.3303598
2308.8267123644287,-145.2931894
2308.944341603901,-144.5385355
2309.0619708433737,-143.4867471
2309.179600082846,-142.5581888
2309.2972293223183,-142.1718843
2309.414858561791,-142.5983957
2309.5324878012634,-143.5524209
2309.6501170407355,-144.6336893
2309.767746280208,-145.4406045
2309.8853755196806,-145.5715707
2310.0030047591526,-144.7083505
2310.120633998625,-143.0654214
2310.2382632380977,-141.064155
2310.3558924775703,-139.1262887
2310.4735217170423,-137.6735605
2310.591150956515,-136.967048
2310.7087801959874,-136.7412179
2310.82640943546,-136.7809671
2310.944038674932,-136.878898
2311.0616679144046,-136.8276285
2311.179297153877,-136.4968484
2311.296926393349,-136.0413736
2311.4145556328217,-135.5125955
2311.5321848722942,-134.94741
2311.649814111767,-134.3827432
2311.767443351239,-133.8348917
2311.8850725907114,-133.2435525
2312.002701830184,-132.6370309
2312.120331069656,-132.0567697
2312.2379603091285,-131.5441659
2312.355589548601,-131.134971
2312.4732187880736,-130.8088296
2312.5908480275457,-130.5473398
2312.708477267018,-130.3381723
2312.8261065064908,-130.1689828
2312.9437357459633,-130.0254739
2313.0613649854354,-129.88462
2313.178994224908,-129.7710031
2313.2966234643804,-129.6477544
2313.4142527038525,-129.7687906
2313.531881943325,-129.9546274
2313.6495111827976,-130.352836
2313.76714042227,-130.9039529
2313.884769661742,-131.5007699
2314.0023989012147,-132.0360788
2314.1200281406873,-132.4022134
2314.2376573801594,-132.5043405
2314.355286619632,-132.4345773
2314.4729158591044,-132.3463968
2314.590545098577,-132.3933176
2314.708174338049,-132.7288125
2314.8258035775216,-133.5623392
2314.943432816994,-134.7936166
2315.0610620564667,-136.1129373
2315.1786912959387,-137.210563
2315.2963205354113,-137.7767557
2315.413949774884,-137.6614145
2315.531579014356,-137.0717691
2315.6492082538284,-136.163566
2315.766837493301,-135.0910562
2315.8844667327735,-134.0084909
2316.0020959722456,-132.8873056
2316.119725211718,-131.505134
2316.2373544511906,-130.0540689
2316.3549836906627,-128.741279
2316.4726129301353,-127.7739252
2316.590242169608,-127.3312219
2316.7078714090803,-127.0398587
2316.8255006485524,-127.639953
2316.943129888025,-128.021766
2317.0607591274975,-128.3085855
2317.1783883669696,-128.3681863
2317.296017606442,-128.3466714
2317.4136468459146,-128.2774728
2317.531276085387,-128.1669534
2317.6489053248592,-128.0214303
2317.766534564332,-127.8203042
2317.8841638038043,-127.4231943
2318.001793043277,-126.9471353
2318.119422282749,-126.2889018
2318.2370515222215,-126.4256509
2318.354680761694,-126.71186
2318.472310001166,-127.4581064
2318.5899392406386,-128.5141366
2318.707568480111,-129.7134622
2318.8251977195837,-130.8896249
2318.9428269590558,-131.8914255
2319.0604561985283,-132.9577554
2319.178085438001,-134.0818857
2319.295714677473,-135.069938
2319.4133439169455,-135.7280801
2319.530973156418,-135.8609994
2319.6486023958905,-135.2473978
2319.7662316353626,-134.0670846
2319.883860874835,-132.6603616
2320.0014901143077,-131.3674997
2320.11911935378,-130.5287851
2320.2367485932523,-130.2584146
2320.354377832725,-129.9475027
2320.4720070721974,-130.5561899
2320.5896363116694,-130.7703928
2320.707265551142,-130.7921976
2320.8248947906145,-130.5352243
2320.942524030087,-130.1176218
2321.060153269559,-129.6293558
2321.1777825090317,-129.1595529
2321.295411748504,-128.7973245
2321.4130409879763,-128.5978921
2321.530670227449,-128.505134
2321.6482994669213,-128.4736246
2321.765928706394,-128.4595865
2321.883557945866,-128.4192575
2322.0011871853385,-128.341514
2322.118816424811,-128.2891153
2322.236445664283,-128.2281869
2322.3540749037556,-128.1168283
2322.471704143228,-127.9131311
2322.5893333827007,-127.5662683
2322.706962622173,-127.0446313
2322.8245918616453,-126.4283441
2322.942221101118,-125.8075021
2323.0598503405904,-125.2722009
2323.1774795800625,-124.9017404
2323.295108819535,-124.6605981
2323.4127380590076,-124.5011895
2323.5303672984796,-124.3860848
2323.647996537952,-124.2778619
2323.7656257774247,-124.1444009
2323.8832550168972,-124.0229638
2324.0008842563693,-123.9160912
2324.118513495842,-123.8068383
2324.2361427353144,-123.6782372
2324.3537719747865,-123.5124427
2324.471401214259,-123.2830726
2324.5890304537315,-123.0138769
2324.706659693204,-122.7449253
2324.824288932676,-122.5162721
2324.9419181721487,-122.3675521
2325.059547411621,-122.2883894
2325.1771766510938,-122.2566434
2325.294805890566,-122.2727567
2325.4124351300384,-122.3371489
2325.530064369511,-122.4502548
2325.647693608983,-122.617087
2325.7653228484555,-122.8374623
2325.882952087928,-123.1040716
2326.0005813274006,-123.4095985
2326.1182105668727,-123.746711
2326.235839806345,-124.1030114
2326.3534690458177,-124.4794992
2326.47109828529,-124.8955606
2326.5887275247624,-125.3707345
2326.706356764235,-125.924537
2326.8239860037074,-126.6566003
2326.9416152431795,-127.6432184
2327.059244482652,-128.6833108
2327.1768737221246,-129.5674509
2327.2945029615967,-130.0862344
2327.412132201069,-130.0637125
2327.5297614405417,-129.5751565
2327.6473906800143,-128.7928842
2327.7650199194863,-127.8879541
2327.882649158959,-127.0314096
2328.0002783984314,-126.3237909
2328.117907637904,-125.5623239
2328.235536877376,-124.7919305
2328.3531661168486,-124.0995019
2328.470795356321,-123.5719139
2328.588424595793,-123.2995292
2328.7060538352657,-123.1541611
2328.8236830747383,-123.5272667
2328.941312314211,-123.7918083
2329.058941553683,-123.9888985
2329.1765707931554,-124.0017541
2329.294200032628,-123.8721611
2329.4118292721,-123.6648476
2329.5294585115726,-123.4205848
2329.647087751045,-123.1801444
2329.7647169905176,-122.9785756
2329.8823462299897,-122.715781
2329.9999754694622,-122.4133819
2330.117604708935,-121.9767999
2330.2352339484073,-122.0760934
2330.3528631878794,-122.2342206
2330.470492427352,-122.6868732
2330.5881216668245,-123.3621055
2330.7057509062965,-124.1733239
2330.823380145769,-125.0339273
2330.9410093852416,-125.8573068
2331.058638624714,-126.8001169
2331.1762678641862,-127.9253076
2331.2938971036588,-129.0072397
2331.4115263431313,-129.8202432
2331.5291555826034,-130.1386789
2331.646784822076,-129.7574533
2331.7644140615485,-128.7852701
2331.882043301021,-127.505256
2331.999672540493,-126.2012857
2332.1173017799656,-125.1572259
2332.234931019438,-124.4679025
2332.35256025891,-123.8724816
2332.4701894983828,-123.4034644
2332.5878187378553,-123.1067114
2332.705447977328,-123.0121469
2332.8230772168,-123.2521964
2332.9407064562724,-123.8473198
2333.058335695745,-124.6499475
2333.1759649352175,-125.4828409
2333.2935941746896,-126.1687616
2333.411223414162,-126.5823892
2333.5288526536347,-126.868316
2333.6464818931067,-127.0534128
2333.7641111325793,-127.1373743
2333.881740372052,-127.1199029
2333.9993696115243,-126.971412
2334.1169988509964,-126.5373605
2334.234628090469,-125.9527505
2334.3522573299415,-125.4077981
2334.4698865694136,-125.0271644
2334.587515808886,-125.2023309
2334.7051450483586,-125.8509363
2334.822774287831,-126.8217309
2334.9404035273033,-127.8454431
2335.058032766776,-128.6528085
2335.1756620062483,-128.9782938
2335.293291245721,-128.7711099
2335.410920485193,-128.2308725
2335.5285497246655,-127.5592874
2335.646178964138,-126.9580606
2335.76380820361,-126.6273874
2335.8814374430826,-126.5703805
2335.999066682555,-126.4991911
2336.1166959220277,-126.8313135
2336.2343251615,-127.0144723
2336.3519544009723,-127.1428979
2336.469583640445,-127.305694
2336.587212879917,-127.5511392
2336.7048421193895,-127.7513498
2336.822471358862,-127.7784341
2336.9401005983345,-127.504516
2337.0577298378066,-126.7662424
2337.175359077279,-125.6042856
2337.2929883167517,-124.2628167
2337.4106175562238,-122.9873037
2337.5282467956963,-122.0232139
2337.645876035169,-121.4646942
2337.7635052746414,-121.0983505
2337.8811345141135,-120.8880078
2337.998763753586,-120.9597686
2338.1163929930585,-121.2118389
2338.234022232531,-121.7712982
2338.351651472003,-122.7787693
2338.4692807114757,-124.0090935
2338.586909950948,-125.213157
2338.7045391904203,-126.1418527
2338.822168429893,-126.5907434
2338.9397976693654,-126.6753076
2339.057426908838,-126.5315774
2339.17505614831,-126.2792428
2339.2926853877825,-126.0379861
2339.410314627255,-125.9087823
2339.527943866727,-125.8211893
2339.6455731061997,-125.7322992
2339.763202345672,-125.6211313
2339.8808315851447,-125.4666589
2339.998460824617,-125.2494806
2340.1160900640893,-124.9771493
2340.233719303562,-124.6600564
2340.3513485430344,-124.3043054
2340.4689777825065,-123.9159691
2340.586607021979,-123.4915535
2340.7042362614516,-122.8328617
2340.8218655009236,-122.031118
2340.939494740396,-121.3169347
2341.0571239798687,-120.7795231
2341.1747532193413,-121.0744932
2341.2923824588133,-121.9703268
2341.410011698286,-123.4138023
2341.5276409377584,-125.0893014
2341.6452701772305,-126.6812204
2341.762899416703,-127.8739465
2341.8805286561756,-128.7436441
2341.998157895648,-129.5081705
2342.11578713512,-130.0654672
2342.2334163745927,-130.3134683
2342.3510456140652,-130.1500925
2342.468674853538,-129.225715
2342.58630409301,-127.4753412
2342.7039333324824,-125.4836191
2342.821562571955,-123.8404839
2342.939191811427,-123.0901907
2343.0568210508995,-123.9012291
2343.174450290372,-125.9337762
2343.2920795298446,-128.570762
2343.4097087693167,-131.1438821
2343.5273380087892,-132.9848245
2343.6449672482618,-133.6028665
2343.762596487734,-133.3683847
2343.8802257272064,-132.6374124
2343.997854966679,-131.7402109
2344.1154842061515,-131.0070413
2344.2331134456235,-130.6731943
2344.350742685096,-130.4742654
2344.4683719245686,-130.354545
2344.5860011640407,-130.3078073
2344.703630403513,-130.3278879
2344.8212596429858,-130.4476083
2344.9388888824583,-130.8719095
2345.0565181219304,-131.4276956
2345.174147361403,-131.8687509
2345.2917766008754,-131.9488443
2345.409405840348,-131.4123453
2345.52703507982,-130.0786813
2345.6446643192926,-128.2501901
2345.762293558765,-126.3134836
2345.879922798237,-124.6552194
2345.9975520377097,-123.6542198
2346.1151812771823,-123.3314277
2346.232810516655,-122.8742281
2346.350439756127,-123.7078697
2346.4680689955994,-123.9511406
2346.585698235072,-123.9286568
2346.703327474544,-123.6246864
2346.8209567140166,-123.185134
2346.938585953489,-122.7013843
2347.0562151929616,-122.2648069
2347.1738444324337,-121.9667715
2347.2914736719063,-121.9243138
2347.409102911379,-122.0779779
2347.526732150851,-122.2544766
2347.6443613903234,-122.2805387
2347.761990629796,-121.9828925
2347.8796198692685,-121.2016765
2347.9972491087406,-120.0191202
2348.114878348213,-118.6567008
2348.2325075876856,-117.3366154
2348.350136827158,-116.2809511
2348.4677660666302,-115.9258776
2348.585395306103,-116.4352869
2348.7030245455753,-117.0433462
2348.8206537850474,-116.9584227
2348.93828302452,-115.3889192
2349.0559122639925,-111.5565187
2349.173541503465,-105.5371628
2349.291170742937,-98.29006958
2349.4087999824096,-90.80409241
2349.526429221882,-84.06806946
2349.6440584613542,-78.81077576
2349.7616877008268,-74.31542206
2349.8793169402993,-70.33139801
2349.996946179772,-66.73786163
2350.114575419244,-63.41396332
2350.2322046587165,-60.27282333
2350.349833898189,-57.46551514
2350.4674631376615,-54.96573639
2350.5850923771336,-52.69641876
2350.702721616606,-50.58049774
2350.8203508560787,-48.55094147
2350.9379800955508,-46.67631912
2351.0556093350233,-44.96740341
2351.173238574496,-43.3986702
2351.2908678139684,-41.94460678
2351.4084970534404,-40.58126831
2351.526126292913,-39.32962418
2351.6437555323855,-38.1962204
2351.7613847718576,-37.16970825
2351.87901401133,-36.23875809
2351.9966432508027,-35.39220047
2352.114272490275,-34.63686371
2352.2319017297473,-33.9779892
2352.34953096922,-33.4105072
2352.4671602086923,-32.92935181
2352.584789448165,-32.36214087
2352.702418687637,-32.08946241
2352.8200479271095,-31.89938923
2352.937677166582,-31.79192135
2353.055306406054,-31.76542282
2353.1729356455266,-31.76705876
2353.290564884999,-31.88393021
2353.4081941244717,-32.0632782
2353.525823363944,-32.3258667
2353.6434526034163,-32.67401123
2353.761081842889,-33.11001968
2353.878711082361,-33.63192368
2353.9963403218335,-34.23480606
2354.113969561306,-34.92493439
2354.2315988007786,-35.70895386
2354.3492280402506,-36.5935173
2354.466857279723,-37.57765579
2354.5844865191957,-38.64688873
2354.702115758668,-39.81365967
2354.8197449981403,-41.09247971
2354.937374237613,-42.49784088
2355.0550034770854,-44.03196716
2355.1726327165575,-45.65787888
2355.29026195603,-47.401474
2355.4078911955025,-49.29718018
2355.525520434975,-51.37942123
2355.643149674447,-53.65620804
2355.7607789139197,-55.99567413
2355.8784081533922,-58.48258209
2355.9960373928643,-61.24799347
2356.113666632337,-64.42297363
2356.2312958718094,-68.13439178
2356.348925111282,-72.38988495
2356.466554350754,-77.08792877
2356.5841835902265,-82.12644958
2356.701812829699,-87.40339661
2356.819442069171,-92.85654449
2356.9370713086437,-99.27762604
2357.054700548116,-106.3537445
2357.1723297875888,-113.2042242
2357.289959027061,-118.9484586
2357.4075882665334,-122.7065265
2357.525217506006,-124.024894
2357.642846745478,-123.5711281
2357.7604759849505,-122.1930141
2357.878105224423,-120.73836
2357.9957344638956,-120.0543424
2358.1133637033677,-120.241787
2358.23099294284,-120.7208121
2358.3486221823127,-121.3253423
2358.4662514217853,-121.8886692
2358.5838806612574,-122.2441083
2358.70150990073,-122.1858196
2358.8191391402024,-121.7695129
2358.9367683796745,-120.5699239
2359.054397619147,-121.0871962
2359.1720268586196,-121.4357633
2359.289656098092,-122.7294605
2359.407285337564,-124.9710077
2359.5249145770367,-127.5833581
2359.6425438165093,-129.9758523
2359.760173055982,-131.5578378
2359.877802295454,-131.8523935
2359.9954315349264,-131.1075662
2360.113060774399,-129.7550577
2360.230690013871,-128.2168039
2360.3483192533436,-126.9147714
2360.465948492816,-126.157142
2360.5835777322886,-125.6288598
2360.7012069717607,-125.2333063
2360.8188362112332,-124.9316552
2360.936465450706,-124.6851037
2361.054094690178,-124.4698403
2361.1717239296504,-124.3562768
2361.289353169123,-124.3169473
2361.4069824085955,-124.3002236
2361.5246116480675,-124.2544701
2361.64224088754,-124.1353753
2361.7598701270126,-123.9951012
2361.8774993664847,-123.8367226
2361.9951286059572,-123.6358559
2362.1127578454298,-123.3681174
2362.2303870849023,-123.005248
2362.3480163243744,-122.4534821
2362.465645563847,-121.7735488
2362.5832748033195,-121.0888747
2362.700904042792,-120.5228783
2362.818533282264,-120.1978628
2362.9361625217366,-120.075848
2363.053791761209,-120.1540147
2363.171421000681,-120.3422699
2363.2890502401538,-120.6439367
2363.4066794796263,-121.0389779
2363.524308719099,-121.5918387
2363.641937958571,-122.3180678
2363.7595671980434,-123.1240759
2363.877196437516,-123.9162667
2363.994825676988,-124.6010507
2364.1124549164606,-125.1391443
2364.230084155933,-125.5959924
2364.3477133954057,-126.0073312
2364.4653426348777,-126.4083398
2364.5829718743503,-126.8341821
2364.700601113823,-127.3279184
2364.818230353295,-127.8891443
2364.9358595927674,-128.4534372
2365.05348883224,-128.9548868
2365.1711180717125,-129.3276285
2365.2887473111846,-129.5479043
2365.406376550657,-129.6978067
2365.5240057901296,-129.7449716
2365.641635029602,-129.6468271
2365.7592642690743,-129.3608316
2365.876893508547,-128.7874979
2365.9945227480193,-127.7447122
2366.1121519874914,-126.4810022
2366.229781226964,-125.2927087
2366.3474104664365,-124.4761575
2366.465039705909,-124.2721843
2366.582668945381,-124.9194482
2366.7002981848536,-125.9309762
2366.817927424326,-127.0087427
2366.9355566637983,-127.7990564
2367.053185903271,-127.9698862
2367.1708151427433,-127.6014169
2367.288444382216,-126.9000772
2367.406073621688,-126.023002
2367.5237028611605,-125.1273492
2367.641332100633,-124.3550866
2367.758961340105,-123.4602272
2367.8765905795776,-122.4582505
2367.99421981905,-121.5571401
2368.1118490585227,-120.8225542
2368.229478297995,-120.8875706
2368.3471075374673,-121.3110371
2368.46473677694,-122.1096933
2368.5823660164124,-123.2368003
2368.6999952558845,-124.6456216
2368.817624495357,-126.2894281
2368.9352537348295,-128.5986856
2369.0528829743016,-131.6180643
2369.170512213774,-134.7196878
2369.2881414532467,-137.2756875
2369.405770692719,-138.6581796
2369.5233999321913,-138.4234537
2369.641029171664,-136.9294351
2369.7586584111364,-134.7368997
2369.876287650609,-132.4061349
2369.993916890081,-130.497474
2370.1115461295535,-129.2812723
2370.229175369026,-128.3255533
2370.346804608498,-127.5155099
2370.4644338479707,-126.7547525
2370.582063087443,-125.9468835
2370.6996923269157,-124.9971078
2370.817321566388,-123.9144585
2370.9349508058604,-122.8157719
2371.052580045333,-121.821515
2371.170209284805,-121.052154
2371.2878385242775,-120.5961452
2371.40546776375,-120.3648231
2371.5230970032226,-120.2886144
2371.6407262426947,-120.4764293
2371.758355482167,-120.7937581
2371.8759847216397,-121.2983798
2371.993613961112,-122.1468333
2372.1112432005843,-123.2142478
2372.228872440057,-124.319938
2372.3465016795294,-125.2831872
2372.4641309190015,-125.9378274
2372.581760158474,-126.3585428
2372.6993893979466,-126.628219
2372.817018637419,-126.7876276
2372.934647876891,-126.8775247
2373.0522771163637,-126.9307321
2373.1699063558362,-126.79853
2373.2875355953083,-126.5254816
2373.405164834781,-125.9691558
2373.5227940742534,-126.1736749
2373.640423313726,-126.404136
2373.758052553198,-127.1103967
2373.8756817926705,-128.1563028
2373.993311032143,-129.3002542
2374.110940271615,-130.3007272
2374.2285695110877,-130.9161142
2374.3461987505602,-131.040809
2374.4638279900328,-130.8373178
2374.581457229505,-130.4658273
2374.6990864689774,-130.0865701
2374.81671570845,-129.8597787
2374.934344947922,-129.8129495
2375.0519741873945,-129.8162149
2375.169603426867,-129.879249
2375.2872326663396,-130.0135721
2375.4048619058117,-130.2306894
2375.522491145284,-130.5972665
2375.6401203847568,-131.1670907
2375.7577496242293,-131.8037942
2375.8753788637014,-132.3651651
2375.993008103174,-132.7090066
2376.1106373426464,-132.7273324
2376.2282665821185,-132.4925149
2376.345895821591,-132.0896219
2376.4635250610636,-131.5992654
2376.581154300536,-131.102073
2376.698783540008,-130.6408456
2376.8164127794807,-130.1047891
2376.9340420189533,-129.5318826
2377.0516712584254,-128.9838174
2377.169300497898,-128.5223306
2377.2869297373704,-128.2126535
2377.404558976843,-128.0882486
2377.522188216315,-128.0664285
2377.6398174557876,-128.0508188
2377.75744669526,-127.9450372
2377.8750759347326,-127.6534418
2377.9927051742047,-127.1478189
2378.1103344136773,-126.5178293
2378.22796365315,-125.864837
2378.345592892622,-125.2902215
2378.4632221320944,-124.8888162
2378.580851371567,-124.5706094
2378.6984806110395,-124.312713
2378.8161098505116,-124.066171
2378.933739089984,-124.1907037
2379.0513683294566,-124.433822
2379.1689975689287,-124.9914773
2379.2866268084013,-125.805961
2379.404256047874,-126.7422403
2379.5218852873463,-127.665275
2379.6395145268184,-128.44004
2379.757143766291,-129.0382455
2379.8747730057635,-129.5516885
2379.992402245236,-130.0248483
2380.110031484708,-130.5022195
2380.2276607241806,-131.0282968
2380.345289963653,-131.6294626
2380.4629192031252,-132.2780679
2380.580548442598,-132.9434427
2380.6981776820703,-133.5950845
2380.815806921543,-134.2024454
2380.933436161015,-134.7146982
2381.0510654004875,-135.1183847
2381.16869463996,-135.4988779
2381.286323879432,-135.9442056
2381.4039531189046,-136.5424112
2381.521582358377,-137.4850534
2381.6392115978497,-138.9586862
2381.7568408373218,-140.5691751
2381.8744700767943,-141.8865274
2381.992099316267,-142.4807809
2382.109728555739,-141.9265359
2382.2273577952114,-140.1965097
2382.344987034684,-137.7773508
2382.4626162741565,-135.1840433
2382.5802455136286,-132.9316019
2382.697874753101,-131.4593271
2382.8155039925737,-130.4870523
2382.933133232046,-129.8105997
2383.0507624715183,-129.3125833
2383.168391710991,-128.8756784
2383.2860209504634,-128.3970254
2383.4036501899354,-127.9745477
2383.521279429408,-127.6290658
2383.6389086688805,-127.3290933
2383.756537908353,-127.0431436
2383.874167147825,-126.7379144
2383.9917963872977,-126.360061
2384.10942562677,-125.9554742
2384.2270548662423,-125.6036294
2384.344684105715,-125.3347725
2384.4623133451873,-125.3759225
2384.57994258466,-125.6179956
2384.697571824132,-126.0506891
2384.8152010636045,-126.6006158
2384.932830303077,-127.1943811
2385.050459542549,-127.7585901
2385.1680887820216,-128.339332
2385.285718021494,-128.9884408
2385.4033472609667,-129.6401437
2385.520976500439,-130.2286752
2385.6386057399113,-130.6882547
2385.756234979384,-130.9335397
2385.8738642188564,-130.9844125
2385.9914934583285,-130.9688791
2386.109122697801,-131.0156778
2386.2267519372735,-131.2535623
2386.3443811767456,-131.7414621
2386.462010416218,-132.3767007
2386.5796396556907,-133.1401742
2386.6972688951632,-134.0173563
2386.8148981346353,-134.9937509
2386.932527374108,-136.1691659
2387.0501566135804,-137.7567972
2387.1677858530525,-139.4617074
2387.285415092525,-140.9540781
2387.4030443319975,-141.904075
2387.52067357147,-141.9873422
2387.638302810942,-141.188804
2387.7559320504147,-139.8750223
2387.873561289887,-138.4328073
2387.9911905293598,-137.2489389
2388.108819768832,-136.6618417
2388.2264490083044,-136.5061105
2388.344078247777,-136.2087552
2388.461707487249,-136.7684091
2388.5793367267215,-136.8999399
2388.696965966194,-136.8576578
2388.8145952056666,-136.7535318
2388.9322244451387,-136.6180643
2389.049853684611,-136.4215311
2389.1674829240837,-136.1343149
2389.285112163556,-135.7222208
2389.4027414030284,-135.0754159
2389.520370642501,-134.2654947
2389.6379998819734,-133.4376901
2389.7556291214455,-132.7372201
2389.873258360918,-132.308967
2389.9908876003906,-132.2139352
2390.108516839863,-132.0695907
2390.226146079335,-132.5827249
2390.3437753188077,-132.802482
2390.4614045582803,-132.8830789
2390.5790337977523,-132.8231882
2390.696663037225,-132.7065652
2390.8142922766974,-132.5378335
2390.93192151617,-132.3216165
2391.049550755642,-132.0625223
2391.1671799951146,-131.7038034
2391.284809234587,-131.2156137
2391.402438474059,-130.70095
2391.5200677135317,-130.2639993
2391.6376969530043,-130.0089487
2391.755326192477,-129.9562143
2391.872955431949,-129.9945901
2391.9905846714214,-130.1685709
2392.108213910894,-130.5291971
2392.225843150366,-131.1274484
2392.3434723898386,-132.0720743
2392.461101629311,-133.4672006
2392.5787308687836,-135.0905679
2392.6963601082557,-136.6997598
2392.8139893477282,-138.0523904
2392.931618587201,-138.9654611
2393.0492478266733,-139.6021493
2393.1668770661454,-140.0377573
2393.284506305618,-140.31858
2393.4021355450905,-140.490928
2393.5197647845625,-140.5921243
2393.637394024035,-140.5852579
2393.7550232635076,-140.4621194
2393.87265250298,-140.2266
2393.990281742452,-139.8825601
2394.1079109819248,-139.4273904
2394.2255402213973,-138.7993997
2394.3431694608694,-138.0369028
2394.460798700342,-137.2093729
2394.5784279398144,-136.3862833
2394.696057179287,-135.6306985
2394.813686418759,-134.8382638
2394.9313156582316,-134.0135416
2395.048944897704,-133.243461
2395.166574137176,-132.6149667
2395.2842033766487,-132.2152475
2395.4018326161213,-132.1190103
2395.519461855594,-131.9770879
2395.637091095066,-132.4950174
2395.7547203345384,-132.7246927
2395.872349574011,-132.8204416
2395.9899788134835,-132.8099283
2396.1076080529556,-132.7774271
2396.225237292428,-132.684913
2396.3428665319007,-132.4944375
2396.4604957713727,-132.1679758
2396.5781250108453,-131.624061
2396.695754250318,-130.8594278
2396.8133834897903,-130.0055459
2396.9310127292624,-129.1949686
2397.048641968735,-128.5602182
2397.1662712082075,-128.1370309
2397.28390044768,-127.7938989
2397.401529687152,-127.5661157
2397.5191589266246,-127.4301716
2397.636788166097,-127.6269601
2397.7544174055693,-128.0110086
2397.872046645042,-128.664863
2397.9896758845143,-129.5069345
2398.107305123987,-130.4506143
2398.224934363459,-131.4093393
2398.3425636029315,-132.3388132
2398.460192842404,-133.3638223
2398.577822081876,-134.4372781
2398.6954513213486,-135.4849924
2398.813080560821,-136.4327463
2398.9307098002937,-137.1670755
2399.048339039766,-137.4599069
2399.1659682792383,-137.5732187
2399.283597518711,-137.8530801
2399.401226758183,-138.6456064
2399.5188559976555,-140.3554147
2399.636485237128,-143.6816782
2399.7541144766005,-147.9045022
2399.8717437160726,-151.9605173
2399.989372955545,-154.7864145
2400.1070021950177,-155.3171915
2400.22463143449,-153.006019
2400.3422606739623,-148.8033365
2400.459889913435,-143.9094614
2400.5775191529074,-139.5247415
2400.6951483923795,-136.8418344
2400.812777631852,-135.9464181
2400.9304068713245,-135.0213846
2401.048036110797,-136.7328256
2401.165665350269,-137.4569162
2401.2832945897417,-137.763099
2401.400923829214,-137.7010721
2401.5185530686863,-137.6016153
2401.636182308159,-137.4016946
2401.7538115476314,-137.0382303
2401.871440787104,-136.4481882
2401.989070026576,-135.4888986
2402.1066992660485,-134.1516641
2402.224328505521,-132.6677469
2402.341957744993,-131.2703928
2402.4595869844657,-130.1928476
2402.577216223938,-129.5177225
2402.6948454634107,-129.0338663
2402.812474702883,-128.6565018
2402.9301039423553,-128.7263864
2403.047733181828,-128.9623331
2403.1653624213004,-129.5543893
2403.2829916607725,-130.6061929
2403.400620900245,-131.9250711
2403.5182501397176,-133.2993387
2403.6358793791896,-134.5173868
2403.753508618662,-135.4588083
2403.8711378581347,-136.3905252
2403.9887670976073,-137.2398752
2404.1063963370793,-137.8774179
2404.224025576552,-138.1737588
2404.3416548160244,-137.9848855
2404.4592840554965,-137.2013925
2404.576913294969,-136.0302499
2404.6945425344416,-134.7212747
2404.812171773914,-133.5243143
2404.929801013386,-132.6706003
2405.0474302528587,-132.0704416
2405.1650594923312,-131.600303
2405.282688731804,-131.1885293
2405.400317971276,-130.7634805
2405.5179472107484,-130.2576822
2405.635576450221,-129.7261117
2405.753205689693,-129.1891702
2405.8708349291655,-128.6192239
2405.988464168638,-127.988685
2406.1060934081106,-127.2693399
2406.2237226475827,-126.3974222
2406.341351887055,-125.4066614
2406.4589811265278,-124.3862603
2406.576610366,-123.4254142
2406.6942396054724,-122.6133181
2406.811868844945,-121.9458822
2406.9294980844174,-121.3616433
2407.0471273238895,-120.8648346
2407.164756563362,-120.4597128
2407.2823858028346,-120.1505203
2407.400015042307,-119.9644295
2407.517644281779,-119.9100742
2407.6352735212517,-119.9404717
2407.7529027607243,-120.0081561
2407.8705320001964,-120.0656544
2407.988161239669,-120.1016975
2408.1057904791414,-120.1650015
2408.223419718614,-120.2395134
2408.341048958086,-120.3063875
2408.4586781975586,-120.346779
2408.576307437031,-120.3347241
2408.693936676503,-120.2581374
2408.8115659159757,-120.1601719
2408.9291951554483,-120.0245194
2409.046824394921,-120.0849043
2409.164453634393,-120.181352
2409.2820828738654,-120.3220818
2409.399712113338,-120.5185294
2409.51734135281,-120.7935139
2409.6349705922826,-121.1698616
2409.752599831755,-121.6776698
2409.8702290712276,-122.3614257
2409.9878583106997,-123.1628333
2410.1054875501723,-124.0069497
2410.223116789645,-124.8188089
2410.3407460291173,-125.5345453
2410.4583752685894,-126.2350763
2410.576004508062,-126.9215082
2410.6936337475345,-127.5520929
2410.8112629870066,-128.08509
2410.928892226479,-128.4782632
2411.0465214659516,-128.7009805
2411.164150705424,-128.7948984
2411.2817799448962,-128.8178934
2411.399409184369,-128.8278879
