Frequency,Amplitude
2886.9507389054197,-134.9160695
2887.098787661261,-135.6536392
2887.2468364171023,-136.2361587
2887.3948851729438,-136.8580612
2887.542933928785,-137.7473892
2887.6909826846263,-138.7853683
2887.8390314404674,-139.6126693
2887.987080196309,-139.869841
2888.1351289521504,-139.3250107
2888.2831777079914,-138.2600998
2888.431226463833,-137.0797714
2888.579275219674,-136.1886276
2888.7273239755154,-135.5782913
2888.8753727313565,-135.0662368
2889.023421487198,-134.7009918
2889.1714702430395,-134.8129409
2889.3195189988805,-135.251448
2889.467567754722,-136.0178817
2889.615616510563,-137.0490707
2889.7636652664046,-138.2819809
2889.9117140222456,-139.4199966
2890.059762778087,-140.4417404
2890.207811533928,-142.0233902
2890.3558602897697,-144.8495926
2890.503909045611,-150.3222336
2890.651957801452,-158.6485275
2890.8000065572937,-166.781691
2890.948055313135,-171.5928787
2891.0961040689763,-170.3054336
2891.2441528248173,-163.8660873
2891.392201580659,-155.4544052
2891.5402503365003,-148.2799209
2891.6882990923414,-144.6602463
2891.836347848183,-142.9020828
2891.984396604024,-142.2464279
2892.1324453598654,-142.1433853
2892.2804941157065,-142.1277193
2892.428542871548,-143.5399002
2892.5765916273895,-145.0756515
2892.7246403832305,-146.0762466
2892.872689139072,-145.7470688
2893.020737894913,-144.2190078
2893.1687866507546,-142.0952286
2893.3168354065956,-139.9611953
2893.464884162437,-138.3367294
2893.6129329182786,-137.009642
2893.7609816741196,-135.8032669
2893.909030429961,-134.6373275
2894.057079185802,-133.4350112
2894.2051279416437,-132.1972941
2894.3531766974847,-130.9744212
2894.5012254533262,-129.8126302
2894.6492742091673,-128.7540876
2894.797322965009,-127.7612963
2894.9453717208503,-126.8432144
2895.0934204766913,-126.0408781
2895.241469232533,-125.1253527
2895.389517988374,-124.6926682
2895.5375667442154,-124.3973757
2895.6856155000564,-124.239475
2895.833664255898,-124.2105273
2895.9817130117394,-124.218966
2896.1297617675805,-124.3358486
2896.277810523422,-124.5901231
2896.425859279263,-125.2291452
2896.5739080351045,-125.8023209
2896.7219567909456,-126.4979201
2896.870005546787,-127.3642019
2897.0180543026286,-128.4493725
2897.1661030584696,-129.8536929
2897.314151814311,-131.5356262
2897.462200570152,-133.3087905
2897.6102493259937,-134.9866775
2897.7582980818347,-136.7010788
2897.906346837676,-138.5841202
2898.0543955935177,-140.1674331
2898.2024443493588,-140.9767135
2898.3504931052003,-140.5732712
2898.4985418610413,-139.1458114
2898.646590616883,-137.2995437
2898.794639372724,-135.6441635
2898.9426881285654,-134.5306228
2899.0907368844064,-133.5882094
2899.238785640248,-132.7733594
2899.3868343960894,-132.0689523
2899.5348831519304,-131.4527403
2899.682931907772,-130.9189399
2899.830980663613,-130.5091923
2899.9790294194545,-130.2675967
2900.1270781752955,-130.2195464
2900.275126931137,-130.4717468
2900.4231756869785,-130.8423861
2900.5712244428196,-131.2532463
2900.719273198661,-131.6327334
2900.867321954502,-132.0821054
2901.0153707103436,-132.5442486
2901.1634194661847,-132.9306318
2901.311468222026,-133.1498396
2901.4595169778677,-133.1674941
2901.6075657337087,-133.1012251
2901.75561448955,-133.0853712
2901.9036632453913,-133.2346938
2902.0517120012328,-133.4470046
2902.199760757074,-133.7477248
2902.3478095129153,-134.2208694
2902.495858268757,-134.9574112
2902.643907024598,-136.0748733
2902.7919557804394,-137.412001
2902.9400045362804,-138.736708
2903.088053292122,-139.8219131
2903.236102047963,-140.6634353
2903.3841508038045,-141.380217
2903.532199559646,-142.0524582
2903.680248315487,-142.7610763
2903.8282970713285,-143.5872177
2903.9763458271696,-144.4424881
2904.124394583011,-145.1798538
2904.272443338852,-145.6530441
2904.4204920946936,-145.9571518
2904.5685408505346,-146.1125931
2904.716589606376,-145.9359268
2904.8646383622176,-145.2438034
2905.0126871180587,-143.6373886
2905.1607358739,-141.3042434
2905.3087846297412,-138.9763473
2905.4568333855827,-137.3858017
2905.604882141424,-136.9391159
2905.7529308972653,-136.6503278
2905.900979653107,-137.8157028
2906.049028408948,-138.3264602
2906.1970771647893,-138.6278366
2906.3451259206304,-138.9833053
2906.493174676472,-139.2636245
2906.641223432313,-139.3295578
2906.7892721881544,-138.9835495
2906.937320943996,-138.2187942
2907.085369699837,-137.4105362
2907.2334184556785,-136.920266
2907.3814672115195,-136.9640335
2907.529515967361,-137.1029648
2907.677564723202,-137.693251
2907.8256134790436,-139.1187576
2907.973662234885,-142.0722946
2908.121710990726,-147.158049
2908.2697597465676,-152.6008133
2908.4178085024087,-156.4374832
2908.56585725825,-156.8341507
2908.713906014091,-153.9768203
2908.8619547699327,-149.6130813
2909.0100035257738,-145.5275711
2909.1580522816153,-143.2789444
2909.3061010374568,-142.2486709
2909.454149793298,-141.7788528
2909.6021985491393,-141.4180588
2909.7502473049803,-140.7555679
2909.898296060822,-139.9221786
2910.046344816663,-139.0834945
2910.1943935725044,-138.3343643
2910.342442328346,-137.7584213
2910.490491084187,-137.2776932
2910.6385398400284,-136.9142593
2910.7865885958695,-136.7198346
2910.934637351711,-136.858992
2911.082686107552,-137.5018753
2911.2307348633935,-138.4241012
2911.378783619235,-139.197966
2911.526832375076,-139.3974289
2911.6748811309176,-138.8568557
2911.8229298867586,-137.8893417
2911.9709786426,-136.8522323
2912.119027398441,-136.1019119
2912.2670761542827,-135.7293686
2912.415124910124,-135.5297683
2912.563173665965,-135.347731
2912.7112224218067,-135.027861
2912.8592711776478,-134.5282425
2913.0073199334893,-133.9340041
2913.1553686893303,-133.2841017
2913.303417445172,-132.6174298
2913.451466201013,-131.8672308
2913.5995149568544,-131.0172071
2913.747563712696,-130.2367277
2913.895612468537,-129.6958506
2914.0436612243784,-129.4860786
2914.1917099802195,-129.4200117
2914.339758736061,-129.7089431
2914.487807491902,-130.0172257
2914.6358562477435,-130.4819551
2914.783905003585,-131.1879995
2914.931953759426,-131.9166083
2915.0800025152676,-132.4394359
2915.2280512711086,-132.5853863
2915.37610002695,-132.457365
2915.524148782791,-132.1805704
2915.6721975386326,-131.875379
2915.820246294474,-131.5843324
2915.968295050315,-131.1665913
2916.1163438061567,-130.7695096
2916.2643925619977,-130.5429063
2916.4124413178392,-130.7167138
2916.5604900736803,-131.1740681
2916.708538829522,-131.8182348
2916.8565875853633,-132.530592
2917.0046363412043,-133.242903
2917.152685097046,-134.1274246
2917.300733852887,-135.0350937
2917.4487826087284,-135.7545608
2917.5968313645694,-136.0649399
2917.744880120411,-135.8556808
2917.8929288762524,-135.0050762
2918.0409776320935,-135.1271194
2918.189026387935,-135.2810959
2918.337075143776,-135.7400345
2918.4851238996175,-136.4385055
2918.6331726554586,-137.4134353
2918.7812214113,-138.7416519
2918.929270167141,-141.0257095
2919.0773189229826,-143.701445
2919.225367678824,-145.7750992
2919.373416434665,-146.2520431
2919.5214651905067,-144.5966171
2919.6695139463477,-141.682402
2919.817562702189,-138.6385025
2919.9656114580303,-136.5882705
2920.1136602138718,-135.745314
2920.2617089697133,-135.4854721
2920.4097577255543,-135.3773941
2920.557806481396,-134.9899124
2920.705855237237,-134.1886734
2920.8539039930783,-133.2196486
2921.0019527489194,-132.2551554
2921.150001504761,-131.4675108
2921.2980502606024,-130.8188417
2921.4460990164434,-130.2272366
2921.594147772285,-129.7501432
2921.742196528126,-129.8705848
2921.8902452839675,-130.3341718
2922.0382940398085,-131.1512104
2922.18634279565,-132.3068522
2922.3343915514915,-133.7876418
2922.4824403073326,-135.8405441
2922.630489063174,-138.596434
2922.778537819015,-141.3593429
2922.9265865748566,-143.4138473
2923.0746353306977,-144.191954
2923.222684086539,-143.986174
2923.37073284238,-143.3347
2923.5187815982217,-142.7708114
2923.666830354063,-142.6865066
2923.8148791099043,-142.6343805
2923.9629278657458,-142.9870437
2924.110976621587,-143.0234817
2924.2590253774283,-142.7632278
2924.4070741332694,-142.1896194
2924.555122889111,-141.5303024
2924.7031716449524,-141.0275406
2924.8512204007934,-140.8750709
2924.999269156635,-140.9698166
2925.147317912476,-141.2466568
2925.2953666683175,-141.6892837
2925.4434154241585,-142.3024887
2925.59146418,-143.2087539
2925.7395129358415,-144.2619766
2925.8875616916825,-145.2618393
2926.035610447524,-146.0544113
2926.183659203365,-146.9272903
2926.3317079592066,-147.6905197
2926.4797567150476,-147.9913315
2926.627805470889,-147.4455398
2926.7758542267306,-145.5192856
2926.9239029825717,-142.9224533
2927.071951738413,-140.6916794
2927.2200004942542,-139.8272068
2927.3680492500957,-140.7091507
2927.516098005937,-142.5055374
2927.6641467617783,-144.4378799
2927.8121955176193,-145.7125381
2927.960244273461,-146.5156845
2928.1082930293023,-147.0918869
2928.2563417851434,-147.2260574
2928.404390540985,-146.7021927
2928.552439296826,-145.1357712
2928.7004880526674,-142.7972397
2928.8485368085085,-140.3592819
2928.99658556435,-138.4946121
2929.1446343201915,-137.3361343
2929.2926830760325,-136.5269912
2929.440731831874,-136.0576309
2929.588780587715,-135.9180293
2929.7368293435566,-136.2925857
2929.8848780993976,-137.1908706
2930.032926855239,-138.1878494
2930.1809756110806,-138.8550247
2930.3290243669217,-138.9750046
2930.477073122763,-138.7966293
2930.625121878604,-138.4073318
2930.7731706344457,-137.8881057
2930.9212193902868,-137.1748794
2931.0692681461283,-136.1338485
2931.2173169019698,-135.0894607
2931.365365657811,-134.3841079
2931.5134144136523,-134.23285
2931.6614631694933,-134.713713
2931.809511925335,-135.3736252
2931.957560681176,-136.0307907
2932.1056094370174,-136.5674118
2932.253658192859,-137.249205
2932.4017069487,-137.8491195
2932.5497557045414,-138.0830673
2932.6978044603825,-137.6533798
2932.845853216224,-136.4896682
2932.993901972065,-135.0054306
2933.1419507279065,-133.6520522
2933.2899994837476,-132.8247816
2933.438048239589,-132.3688793
2933.5860969954306,-132.117399
2933.7341457512716,-131.956266
2933.882194507113,-131.7881444
2934.030243262954,-131.6897251
2934.1782920187957,-131.650693
2934.3263407746367,-131.619977
2934.474389530478,-131.5372589
2934.6224382863197,-131.2847558
2934.7704870421608,-130.7457252
2934.9185357980023,-130.9370675
2935.0665845538433,-131.2833062
2935.214633309685,-132.1918619
2935.362682065526,-133.4298995
2935.5107308213674,-134.6879257
2935.658779577209,-135.6618179
2935.80682833305,-136.3936599
2935.9548770888914,-136.9972519
2936.1029258447325,-137.4594864
2936.250974600574,-137.7645553
2936.399023356415,-137.5346359
2936.5470721122565,-136.0531402
2936.695120868098,-136.7359756
2936.843169623939,-137.4950546
2936.9912183797805,-140.1867508
2937.1392671356216,-144.2098984
2937.287315891463,-147.9332107
2937.435364647304,-149.7253555
2937.5834134031456,-148.4283584
2937.7314621589867,-145.0034317
2937.879510914828,-140.9986099
2938.0275596706697,-137.9617904
2938.1756084265107,-136.7039322
2938.3236571823522,-136.3448776
2938.4717059381933,-136.3856796
2938.619754694035,-136.3417648
2938.767803449876,-135.8857406
2938.9158522057173,-135.2645248
2939.063900961559,-134.7264236
2939.2119497174,-134.4778536
2939.3599984732414,-134.7833542
2939.5080472290824,-135.4040817
2939.656095984924,-136.3186172
2939.804144740765,-137.4808029
2939.9521934966065,-139.0875229
2940.100242252448,-141.5702041
2940.248291008289,-144.0276932
2940.3963397641305,-145.4516586
2940.5443885199716,-144.8363022
2940.692437275813,-142.1182998
2940.840486031654,-138.5331711
2940.9885347874956,-135.3918594
2941.136583543337,-133.7292922
2941.284632299178,-132.6982099
2941.4326810550197,-132.1740396
2941.5807298108607,-133.0923445
2941.728778566702,-135.3738693
2941.8768273225432,-140.1656326
2942.0248760783848,-146.0114883
2942.1729248342263,-150.997435
2942.3209735900673,-153.2846969
2942.469022345909,-152.8612655
2942.61707110175,-150.9432663
2942.7651198575913,-148.6600326
2942.9131686134324,-147.0952743
2943.061217369274,-146.058165
2943.209266125115,-145.1116165
2943.3573148809564,-144.0970138
2943.505363636798,-142.852034
2943.653412392639,-141.1833938
2943.8014611484805,-139.3088363
2943.9495099043215,-137.5845169
2944.097558660163,-136.3659042
2944.245607416004,-135.7999862
2944.3936561718456,-135.6452011
2944.541704927687,-135.6319717
2944.689753683528,-135.4909805
2944.8378024393696,-135.2744735
2944.9858511952107,-135.0836013
2945.133899951052,-134.7684463
2945.281948706893,-134.1790451
2945.4299974627347,-133.009123
2945.578046218576,-131.3798336
2945.7260949744173,-129.8630773
2945.8741437302588,-128.9867379
2946.0221924861,-129.3618495
2946.1702412419413,-130.5555948
2946.3182899977824,-131.960157
2946.466338753624,-132.921919
2946.614387509465,-133.0575087
2946.7624362653064,-132.7308637
2946.910485021148,-132.1571481
2947.058533776989,-131.5407074
2947.2065825328305,-130.8261354
2947.3546312886715,-129.7220509
2947.502680044513,-128.2775355
2947.650728800354,-128.5700588
2947.7987775561955,-129.7556367
2947.946826312037,-132.373228
2948.094875067878,-135.4184555
2948.2429238237196,-137.8370346
2948.3909725795606,-138.7847122
2948.539021335402,-138.7157119
2948.687070091243,-138.0218948
2948.8351188470847,-137.0231613
2948.983167602926,-135.9026321
2949.1312163587672,-134.2341903
2949.2792651146087,-132.3776073
2949.42731387045,-130.834894
2949.5753626262913,-130.0502006
2949.7234113821323,-129.756751
2949.871460137974,-130.0632319
2950.0195088938153,-130.5953901
2950.1675576496564,-131.3935818
2950.315606405498,-132.7762891
2950.463655161339,-134.4520858
2950.6117039171804,-135.9506515
2950.7597526730215,-136.8221573
2950.907801428863,-137.1306595
2951.0558501847045,-137.080809
2951.2038989405455,-136.7881454
2951.351947696387,-136.3605484
2951.499996452228,-135.6753067
2951.6480452080696,-134.7721237
2951.7960939639106,-133.8167556
2951.944142719752,-132.9716169
2952.0921914755936,-132.1390207
2952.2402402314347,-131.3057214
2952.388288987276,-130.6180802
2952.536337743117,-130.2224147
2952.6843864989587,-130.1261627
2952.8324352547997,-130.4215296
2952.9804840106412,-130.8093659
2953.1285327664823,-131.2414817
2953.276581522324,-131.8463568
2953.4246302781653,-132.6492291
2953.5726790340063,-133.3446944
2953.720727789848,-133.6271957
2953.868776545689,-133.1056044
2954.0168253015304,-131.942823
2954.1648740573714,-130.3002372
2954.312922813213,-130.3991141
2954.4609715690544,-131.4666869
2954.6090203248955,-133.7850936
2954.757069080737,-136.0963882
2954.905117836578,-137.1287216
2955.0531665924195,-135.757933
2955.2012153482606,-132.4239177
2955.349264104102,-128.4892146
2955.4973128599436,-125.3277173
2955.6453616157846,-124.0305573
2955.793410371626,-124.0510728
2955.941459127467,-124.5348534
2956.0895078833087,-124.653918
2956.2375566391497,-123.9915405
2956.385605394991,-123.3948908
2956.5336541508323,-122.1928257
2956.6817029066738,-119.5319062
2956.8297516625153,-114.4554062
2956.9778004183563,-106.5550766
2957.125849174198,-97.3877182
2957.273897930039,-88.69140625
2957.4219466858804,-81.97119141
2957.5699954417214,-76.54485321
2957.718044197563,-71.89670563
2957.8660929534044,-67.7565155
2958.0141417092455,-63.89476776
2958.162190465087,-60.50561142
2958.310239220928,-57.55002594
2958.4582879767695,-54.88453293
2958.6063367326105,-52.37783432
2958.754385488452,-50.10505295
2958.9024342442935,-48.07620239
2959.0504830001346,-46.24297714
2959.198531755976,-44.55954361
2959.346580511817,-43.04972076
2959.4946292676586,-41.71829987
2959.6426780234997,-40.5436058
2959.790726779341,-39.50444794
2959.9387755351827,-38.60884094
2960.0868242910237,-37.86130142
2960.2348730468652,-37.2522583
2960.3829218027063,-36.58304638
2960.530970558548,-36.30129721
2960.679019314389,-36.14950748
2960.8270680702303,-36.12051392
2960.975116826072,-36.12767719
2961.123165581913,-36.33725739
2961.2712143377544,-36.6376915
2961.4192630935954,-37.07160568
2961.567311849437,-37.64381027
2961.715360605278,-38.34954071
2961.8634093611195,-39.18633652
2962.0114581169605,-40.16780853
2962.159506872802,-41.30762482
2962.3075556286435,-42.59985733
2962.4556043844846,-44.03319931
2962.603653140326,-45.63659668
2962.751701896167,-47.43965912
2962.8997506520086,-49.43420792
2963.0477994078497,-51.58660507
2963.195848163691,-53.96427536
2963.3438969195327,-56.63818741
2963.4919456753737,-59.57419586
2963.639994431215,-62.639534
2963.7880431870562,-66.09300995
2963.9360919428977,-70.21595001
2964.084140698739,-75.26473236
2964.2321894545803,-81.18332672
2964.380238210422,-87.70384979
2964.528286966263,-94.55445862
2964.6763357221043,-101.8174286
2964.8243844779454,-110.4275436
2964.972433233787,-119.0293427
2965.120481989628,-125.9829172
2965.2685307454694,-129.7254995
2965.416579501311,-130.2682529
2965.564628257152,-129.0624225
2965.7126770129935,-127.6093233
2965.8607257688345,-127.2316461
2966.008774524676,-127.4068128
2966.156823280517,-127.6790879
2966.3048720363586,-127.9222878
2966.4529207921996,-127.9804328
2966.600969548041,-127.6543376
2966.7490183038826,-126.7554423
2966.8970670597237,-127.1478826
2967.045115815565,-127.8013133
2967.193164571406,-129.6551538
2967.3412133272477,-132.0885446
2967.4892620830888,-134.1988815
2967.6373108389303,-135.0841201
2967.7853595947718,-134.2933181
2967.933408350613,-132.5816479
2968.0814571064543,-130.9017432
2968.2295058622954,-130.199479
2968.377554618137,-130.7210626
2968.525603373978,-131.9032264
2968.6736521298194,-133.3064559
2968.821700885661,-134.4884933
2968.969749641502,-135.6541122
2969.1177983973434,-136.9269241
2969.2658471531845,-137.829924
2969.413895909026,-137.8860458
2969.561944664867,-136.2442154
2969.7099934207085,-133.2631362
2969.85804217655,-130.5049503
2970.006090932391,-129.3453366
2970.1541396882326,-131.5861329
2970.3021884440736,-135.8431381
2970.450237199915,-140.6933731
2970.598285955756,-144.5237411
2970.7463347115977,-146.6909622
2970.894383467439,-148.2539963
2971.0424322232802,-148.8802322
2971.1904809791217,-148.183638
2971.338529734963,-145.3818954
2971.4865784908043,-140.1643814
2971.6346272466453,-134.3520492
2971.782676002487,-129.8530672
2971.930724758328,-128.165443
2972.0787735141694,-127.4689629
2972.226822270011,-129.8588352
2972.374871025852,-131.3342555
2972.5229197816934,-132.3090037
2972.6709685375345,-133.4821303
2972.819017293376,-134.6208023
2972.967066049217,-135.3371719
2973.1151148050585,-135.2408127
2973.2631635609,-134.2656997
2973.411212316741,-132.8842298
2973.5592610725826,-131.6091127
2973.7073098284236,-130.8334444
2973.855358584265,-130.0591578
2974.003407340106,-129.0021166
2974.1514560959477,-129.7241872
2974.299504851789,-131.1767384
2974.44755360763,-134.6733535
2974.5956023634717,-139.0402206
2974.7436511193127,-142.6825851
2974.8916998751542,-144.044722
2975.0397486309953,-142.963652
2975.187797386837,-140.4846176
2975.335846142678,-137.6040329
2975.4838948985193,-135.2794326
2975.631943654361,-133.0645277
2975.779992410202,-130.8195741
2975.9280411660434,-128.9853002
2976.0760899218844,-128.0009793
2976.224138677726,-127.8125933
2976.372187433567,-128.7617478
2976.5202361894085,-129.8992722
2976.66828494525,-131.125957
2976.816333701091,-132.7577649
2976.9643824569325,-134.7951339
2977.1124312127736,-136.6240524
2977.260479968615,-137.6305069
2977.408528724456,-137.274443
2977.5565774802976,-135.9720138
2977.704626236139,-134.5706619
2977.85267499198,-133.8989861
2978.0007237478217,-134.6589035
2978.1487725036627,-136.323851
2978.296821259504,-138.0620559
2978.4448700153453,-139.0223984
2978.5929187711868,-138.6063675
2978.7409675270283,-137.2444442
2978.8890162828693,-135.5330642
2979.037065038711,-134.0644821
2979.185113794552,-133.1294997
2979.3331625503934,-132.333784
2979.4812113062344,-131.7631963
2979.629260062076,-131.5244714
2979.7773088179174,-131.8538794
2979.9253575737584,-132.8428938
2980.0734063296,-134.0017684
2980.221455085441,-134.7979263
2980.3695038412825,-134.7808517
2980.5175525971235,-134.120726
2980.665601352965,-133.1499159
2980.8136501088065,-132.1863688
2980.9616988646476,-131.4377866
2981.109747620489,-130.5976637
2981.25779637633,-129.8473755
2981.4058451321716,-129.4076202
2981.5538938880127,-129.7072036
2981.701942643854,-130.6603016
2981.849991399695,-131.9969307
2981.9980401555367,-133.3602431
2982.1460889113782,-134.4602951
2982.2941376672193,-135.6508468
2982.442186423061,-136.7670425
2982.590235178902,-137.4528488
2982.7382839347433,-137.3374923
2982.8863326905844,-136.116835
2983.034381446426,-134.3010086
2983.1824302022674,-132.5685101
2983.3304789581084,-131.5735902
2983.47852771395,-131.163448
2983.626576469791,-131.1107808
2983.7746252256325,-131.4572722
2983.9226739814735,-132.1986368
2984.070722737315,-133.6805404
2984.2187714931565,-135.670668
2984.3668202489976,-137.6048416
2984.514869004839,-138.9207596
2984.66291776068,-139.5907272
2984.8109665165216,-139.876387
2984.9590152723626,-139.8005508
2985.107064028204,-139.3860306
2985.255112784045,-138.2994522
2985.4031615398867,-136.6263412
2985.551210295728,-135.0286697
2985.6992590515692,-134.1286703
2985.8473078074107,-134.3365921
2985.995356563252,-135.1539749
2986.1434053190933,-136.4015945
2986.2914540749343,-137.8623184
2986.439502830776,-139.8291153
2986.5875515866173,-142.5424179
2986.7356003424584,-145.0288223
2986.8836490983,-146.2949356
2987.031697854141,-145.4472183
2987.1797466099824,-142.8408798
2987.3277953658235,-139.6177505
2987.475844121665,-136.9295944
2987.6238928775065,-135.487471
2987.7719416333475,-134.5907882
2987.919990389189,-134.1260027
2988.06803914503,-134.1955551
2988.2160879008716,-134.8537887
2988.3641366567126,-136.4635299
2988.512185412554,-138.3276046
2988.6602341683956,-139.6644729
2988.8082829242367,-139.8097366
2988.956331680078,-139.0228409
2989.104380435919,-137.6999191
2989.2524291917607,-136.1949295
2989.4004779476018,-134.7578567
2989.5485267034433,-133.0322401
2989.6965754592848,-131.2227439
2989.844624215126,-129.664813
2989.9926729709673,-128.6675054
2990.1407217268084,-128.1650157
2990.28877048265,-127.9918238
2990.436819238491,-128.0156281
2990.5848679943324,-128.1277069
2990.7329167501734,-128.5023987
2990.880965506015,-129.0396703
2991.0290142618564,-129.5271115
2991.1770630176975,-129.7604434
2991.325111773539,-129.7743446
2991.47316052938,-129.6510338
2991.6212092852215,-129.418692
2991.7692580410626,-129.1028301
2991.917306796904,-128.6307607
2992.0653555527456,-128.0416145
2992.2134043085866,-127.4489354
2992.361453064428,-126.9661176
2992.509501820269,-126.6482509
2992.6575505761107,-126.414759
2992.8055993319517,-126.1674505
2992.953648087793,-125.8081422
2993.1016968436347,-125.2999233
2993.249745599476,-124.7006176
2993.3977943553173,-124.0581605
2993.5458431111583,-123.4205027
2993.693891867,-122.7441031
2993.841940622841,-122.008881
2993.9899893786824,-121.334038
2994.138038134524,-120.8391572
2994.286086890365,-120.571251
2994.4341356462064,-120.4597093
2994.5821844020475,-120.4983445
2994.730233157889,-120.6822435
2994.87828191373,-121.0511629
2995.0263306695715,-121.6311114
2995.1743794254126,-122.3038258
2995.322428181254,-122.9472511
2995.4704769370956,-123.4997111
2995.6185256929366,-124.0461671
2995.766574448778,-124.5605187
2995.914623204619,-125.0086398
2996.0626719604606,-125.341435
2996.2107207163017,-125.5371602
2996.358769472143,-125.6982174
2996.5068182279847,-125.9346077
2996.6548669838257,-126.3373353
2996.8029157396672,-126.8652788
2996.9509644955083,-127.4669181
2997.09901325135,-128.096807
2997.247062007191,-128.7355931
2997.3951107630323,-129.4699034
2997.543159518874,-130.2093072
2997.691208274715,-130.8329103
2997.8392570305564,-131.2172964
2997.9873057863974,-131.3188593
2998.135354542239,-131.2881433
2998.28340329808,-131.2969476
2998.4314520539215,-131.4955413
2998.579500809763,-131.7672246
2998.727549565604,-132.1282785
2998.8755983214455,-132.6670209
2999.0236470772866,-133.4878066
2999.171695833128,-134.8426193
2999.319744588969,-136.4482101
2999.4677933448106,-137.8554062
2999.615842100652,-138.616484
2999.763890856493,-138.5438827
2999.9119396123347,-138.0005783
3000.0599883681757,-137.4192184
3000.208037124017,-137.2103749
3000.3560858798583,-137.6351761
3000.5041346356998,-138.316542
3000.652183391541,-138.9014114
3000.8002321473823,-139.0155929
3000.948280903224,-138.5142654
3001.096329659065,-137.6252731
3001.2443784149064,-136.5624222
3001.3924271707474,-135.5395492
3001.540475926589,-134.4928115
3001.68852468243,-133.3289321
3001.8365734382714,-132.272108
3001.984622194113,-131.5468567
3002.132670949954,-131.2980157
3002.2807197057955,-131.1713787
3002.4287684616365,-131.6903354
3002.576817217478,-132.0061775
3002.724865973319,-132.3357066
3002.8729147291606,-132.803877
3003.020963485002,-133.2482283
3003.169012240843,-133.4988387
3003.3170609966846,-133.397383
3003.4651097525257,-132.9943678
3003.613158508367,-132.4948864
3003.761207264208,-132.1068246
3003.9092560200497,-131.925962
3004.0573047758908,-131.7721837
3004.2053535317323,-131.7716344
3004.3534022875738,-132.0770852
3004.501451043415,-132.8572828
3004.6494997992563,-134.1479782
3004.7975485550974,-135.6856521
3004.945597310939,-137.1872848
3005.09364606678,-138.4815353
3005.2416948226214,-139.8887924
3005.389743578463,-141.1713089
3005.537792334304,-141.9925064
3005.6858410901455,-141.9898514
3005.8338898459865,-140.9667038
3005.981938601828,-139.4692825
3006.129987357669,-138.1354355
3006.2780361135106,-137.5306381
3006.426084869352,-137.3417648
3006.574133625193,-137.4920944
3006.7221823810346,-138.0828689
3006.8702311368756,-139.2611068
3007.018279892717,-141.5863632
3007.166328648558,-144.450682
3007.3143774043997,-146.8902572
3007.462426160241,-147.9523453
3007.6104749160822,-147.4004654
3007.7585236719237,-145.9155105
3007.906572427765,-144.2054123
3008.0546211836063,-142.9540085
3008.2026699394473,-141.4694351
3008.350718695289,-138.4425796
3008.4987674511303,-139.2540725
3008.6468162069714,-140.6250137
3008.794864962813,-145.8306717
3008.942913718654,-153.5175918
3009.0909624744954,-160.4892715
3009.2390112303365,-163.5492996
3009.387059986178,-160.6621078
3009.5351087420195,-153.9008163
3009.6831574978605,-146.2252029
3009.831206253702,-140.5949997
3009.979255009543,-138.2521652
3010.1273037653846,-137.5015243
3010.2753525212256,-137.5336593
3010.423401277067,-137.5488571
3010.571450032908,-137.2381271
3010.7194987887497,-137.0915817
3010.867547544591,-137.0556778
3011.015596300432,-137.0626205
3011.1636450562737,-137.0948623
3011.3116938121148,-137.2068313
3011.4597425679563,-137.3474258
3011.6077913237973,-137.4610275
3011.755840079639,-137.5095352
3011.9038888354803,-137.5223984
3012.0519375913213,-137.5156082
3012.199986347163,-137.5028366
3012.348035103004,-137.5350326
3012.4960838588454,-137.6821579
3012.6441326146864,-137.7748398
3012.792181370528,-137.6242813
3012.9402301263694,-137.0390457
3013.0882788822105,-135.9951919
3013.236327638052,-134.7373947
3013.384376393893,-133.5280288
3013.5324251497345,-132.5721875
3013.6804739055756,-131.6824619
3013.828522661417,-130.8987219
3013.976571417258,-130.3283124
3014.1246201730996,-130.036942
3014.272668928941,-130.1705492
3014.420717684782,-130.4997776
3014.5687664406237,-130.9463601
3014.7168151964647,-131.4115415
3014.864863952306,-132.0461709
3015.0129127081473,-132.7671338
3015.1609614639888,-133.3924239
3015.3090102198303,-133.7419265
3015.4570589756713,-133.7636245
3015.605107731513,-133.598677
3015.753156487354,-133.4022658
3015.9012052431954,-133.3250869
3016.0492539990364,-133.2986129
3016.197302754878,-133.2990554
3016.3453515107194,-133.4064467
3016.4934002665605,-133.7015365
3016.641449022402,-134.3053268
3016.789497778243,-135.1165756
3016.9375465340845,-135.9239792
3017.0855952899255,-136.5162796
3017.233644045767,-136.8412002
3017.3816928016086,-137.0131973
3017.5297415574496,-137.0816482
3017.677790313291,-137.0958999
3017.825839069132,-136.9756149
3017.9738878249736,-136.7028488
3018.1219365808147,-136.3458907
3018.269985336656,-136.5040878
3018.4180340924977,-136.8015426
3018.5660828483387,-137.240187
3018.7141316041802,-137.9532913
3018.8621803600213,-139.0781997
3019.010229115863,-141.0227493
3019.158277871704,-143.8953384
3019.3063266275453,-146.7296432
3019.454375383387,-148.5321792
3019.602424139228,-148.4880508
3019.7504728950694,-146.971373
3019.8985216509104,-144.7802109
3020.046570406752,-142.7085251
3020.194619162593,-141.2641128
3020.3426679184345,-139.9237961
3020.4907166742755,-138.7399429
3020.638765430117,-137.8406509
3020.7868141859585,-137.3653091
3020.9348629417996,-137.1065324
3021.082911697641,-137.5781387
3021.230960453482,-137.8252548
3021.3790092093236,-137.8847183
3021.5270579651647,-137.8098892
3021.675106721006,-137.7337326
3021.8231554768477,-137.7779526
3021.9712042326887,-138.0584091
3022.11925298853,-138.5745224
3022.2673017443713,-139.2332138
3022.4153505002128,-139.9407028
3022.563399256054,-140.6179031
3022.7114480118953,-141.3553146
3022.8594967677363,-142.1149582
3023.007545523578,-142.803511
3023.1555942794193,-143.3371719
3023.3036430352604,-143.8065323
3023.451691791102,-144.1795639
3023.599740546943,-144.3503097
3023.7477893027844,-144.2141708
3023.8958380586255,-143.7529892
3024.043886814467,-143.031813
3024.1919355703085,-142.1091751
3024.3399843261495,-141.0399307
3024.488033081991,-139.6113266
3024.636081837832,-137.925032
3024.7841305936736,-136.3386062
3024.9321793495146,-135.2094101
3025.080228105356,-134.6579116
3025.2282768611976,-134.4749588
3025.3763256170387,-134.4926284
3025.52437437288,-134.5429977
3025.672423128721,-134.6670822
3025.8204718845627,-134.9411605
3025.9685206404038,-135.2046341
3026.1165693962453,-135.2965988
3026.2646181520868,-135.1052688
3026.412666907928,-134.7194351
3026.5607156637693,-134.2731155
3026.7087644196104,-133.9002212
3026.856813175452,-133.6367019
3027.004861931293,-133.3896621
3027.1529106871344,-133.1683225
3027.300959442976,-133.2140944
3027.449008198817,-133.4419692
3027.5970569546585,-133.9053481
3027.7451057104995,-134.4576706
3027.893154466341,-134.9480423
3028.041203222182,-135.2835373
3028.1892519780235,-135.5629715
3028.337300733865,-135.7773422
3028.485349489706,-135.9052871
3028.6333982455476,-135.9086593
3028.7814470013886,-135.7504715
3028.92949575723,-135.530516
3029.077544513071,-135.3604721
3029.2255932689127,-135.3272693
3029.373642024754,-135.4856094
3029.5216907805952,-135.6716446
3029.6697395364367,-135.7952408
3029.817788292278,-135.7565597
3029.9658370481193,-135.5770858
3030.1138858039603,-135.317305
3030.261934559802,-135.0303939
3030.409983315643,-134.7598861
3030.5580320714844,-134.4528793
3030.706080827326,-134.1338027
3030.854129583167,-133.8565658
3031.0021783390084,-133.6743758
3031.1502270948495,-133.6003402
3031.298275850691,-133.5905135
3031.446324606532,-133.5968307
3031.5943733623735,-133.5717757
3031.742422118215,-133.5037978
3031.890470874056,-133.4264205
3032.0385196298976,-133.3604068
3032.1865683857386,-133.3802626
3032.33461714158,-133.4105056
3032.482665897421,-133.471617
3032.6307146532627,-133.6161941
3032.7787634091037,-133.8967727
3032.926812164945,-134.3314651
3033.0748609207867,-134.8885025
3033.2229096766278,-135.5391525
3033.3709584324693,-136.2546982
3033.5190071883103,-137.0420364
3033.667055944152,-137.9129928
3033.815104699993,-138.8438858
3033.9631534558343,-139.8110031
3034.111202211676,-140.7990097
3034.259250967517,-141.8214706
3034.4072997233584,-142.8968033
3034.5553484791994,-144.043425
3034.703397235041,-145.5275558
3034.851445990882,-147.4215988
3034.9994947467235,-149.0561355
